pluie,mean_std,stddev_std,mean_rad,stddev_rad,window_start,window_end
0,-22.807243,,-29.79375,,2022-09-22T16:25:00.000+02:00,2022-09-22T16:26:00.000+02:00
0,-22.106606,,-29.364773,,2022-08-10T18:23:00.000+02:00,2022-08-10T18:24:00.000+02:00
0,-20.61797,,-29.137146,,2022-12-29T05:21:00.000+01:00,2022-12-29T05:22:00.000+01:00
0,-22.318964,,-29.147444,,2022-09-01T06:18:00.000+02:00,2022-09-01T06:19:00.000+02:00
0,-22.442188,,-29.578552,,2022-05-16T11:33:00.000+02:00,2022-05-16T11:34:00.000+02:00
0,-22.712074,,-29.544106,,2022-09-22T23:26:00.000+02:00,2022-09-22T23:27:00.000+02:00
0,-22.628977,,-29.757528,,2022-06-24T09:34:00.000+02:00,2022-06-24T09:35:00.000+02:00
0,-22.544815,,-29.684376,,2022-12-09T15:38:00.000+01:00,2022-12-09T15:39:00.000+01:00
0,-22.584942,,-29.345951,,2022-11-10T19:50:00.000+01:00,2022-11-10T19:51:00.000+01:00
0,-22.262856,,-29.239418,,2022-09-10T03:40:00.000+02:00,2022-09-10T03:41:00.000+02:00
0,-22.407387,,-29.508595,,2022-06-30T21:27:00.000+02:00,2022-06-30T21:28:00.000+02:00
0,-22.083878,,-29.206392,,2022-08-06T06:39:00.000+02:00,2022-08-06T06:40:00.000+02:00
0,-22.616194,,-29.688637,,2022-06-14T12:02:00.000+02:00,2022-06-14T12:03:00.000+02:00
0,-22.29659,,-29.086008,,2022-09-13T05:05:00.000+02:00,2022-09-13T05:06:00.000+02:00
0,-23.338493,,-30.257528,,2022-10-15T23:27:00.000+02:00,2022-10-15T23:28:00.000+02:00
0,-22.302273,,-29.202486,,2022-09-01T16:19:00.000+02:00,2022-09-01T16:20:00.000+02:00
0,-22.229475,,-29.427628,,2022-08-12T15:57:00.000+02:00,2022-08-12T15:58:00.000+02:00
0,-23.692898,,-30.313637,,2022-08-26T19:40:00.000+02:00,2022-08-26T19:41:00.000+02:00
0,-23.541264,,-30.672657,,2022-10-27T17:10:00.000+02:00,2022-10-27T17:11:00.000+02:00
1,-23.334232,,-30.237997,,2022-10-16T01:32:00.000+02:00,2022-10-16T01:33:00.000+02:00
0,-23.082104,,-29.078552,,2022-09-17T07:39:00.000+02:00,2022-09-17T07:40:00.000+02:00
0,-22.647087,,-29.807243,,2022-07-03T13:41:00.000+02:00,2022-07-03T13:42:00.000+02:00
0,-22.729118,,-29.75824,,2022-06-04T12:28:00.000+02:00,2022-06-04T12:29:00.000+02:00
0,-22.08956,,-29.224857,,2022-07-30T01:50:00.000+02:00,2022-07-30T01:51:00.000+02:00
0,-22.315056,,-28.880043,,2022-09-02T02:43:00.000+02:00,2022-09-02T02:44:00.000+02:00
0,-22.410227,,-29.63324,,2022-08-06T15:45:00.000+02:00,2022-08-06T15:46:00.000+02:00
0,-22.347727,,-29.382883,,2022-08-14T14:32:00.000+02:00,2022-08-14T14:33:00.000+02:00
0,-20.488708,,-28.907387,,2022-12-14T19:47:00.000+01:00,2022-12-14T19:48:00.000+01:00
0,-20.977345,,-29.210653,,2022-12-16T10:40:00.000+01:00,2022-12-16T10:41:00.000+01:00
1,-22.567543,,-29.440056,,2022-05-31T11:06:00.000+02:00,2022-05-31T11:07:00.000+02:00
0,-22.307243,,-29.300497,,2022-06-20T06:54:00.000+02:00,2022-06-20T06:55:00.000+02:00
1,-22.639986,,-29.784163,,2022-07-06T13:22:00.000+02:00,2022-07-06T13:23:00.000+02:00
0,-22.801563,,-29.672657,,2022-11-24T19:39:00.000+01:00,2022-11-24T19:40:00.000+01:00
0,-22.179049,,-29.115837,,2022-08-14T06:01:00.000+02:00,2022-08-14T06:02:00.000+02:00
0,-22.459232,,-29.284163,,2022-05-25T07:35:00.000+02:00,2022-05-25T07:36:00.000+02:00
0,-22.271023,,-29.424076,,2022-07-18T06:34:00.000+02:00,2022-07-18T06:35:00.000+02:00
0,-22.521378,,-29.688637,,2022-11-16T14:24:00.000+01:00,2022-11-16T14:25:00.000+01:00
0,-22.975569,,-29.904545,,2022-10-03T04:19:00.000+02:00,2022-10-03T04:20:00.000+02:00
0,-20.483736,,-29.018892,,2022-12-28T21:56:00.000+01:00,2022-12-28T21:57:00.000+01:00
0,-23.206392,,-30.064701,,2022-10-07T01:22:00.000+02:00,2022-10-07T01:23:00.000+02:00
0,-22.502556,,-29.590626,,2022-06-06T14:29:00.000+02:00,2022-06-06T14:30:00.000+02:00
0,-27.018538,,-25.21172,,2022-06-21T03:53:00.000+02:00,2022-06-21T03:54:00.000+02:00
0,-22.60625,,-29.728409,,2022-07-06T10:30:00.000+02:00,2022-07-06T10:31:00.000+02:00
0,-22.259659,,-29.420881,,2022-07-18T19:30:00.000+02:00,2022-07-18T19:31:00.000+02:00
0,-23.349503,,-30.269247,,2022-10-09T14:47:00.000+02:00,2022-10-09T14:48:00.000+02:00
0,-23.435795,,-30.46598,,2022-11-21T07:49:00.000+01:00,2022-11-21T07:50:00.000+01:00
0,-22.881819,,-28.581747,,2022-06-16T11:20:00.000+02:00,2022-06-16T11:21:00.000+02:00
0,-20.470951,,-28.9152,,2022-12-21T19:49:00.000+01:00,2022-12-21T19:50:00.000+01:00
0,-22.666618,,-29.677273,,2022-09-06T12:33:00.000+02:00,2022-09-06T12:34:00.000+02:00
0,-20.89318,,-29.12294,,2022-12-15T09:21:00.000+01:00,2022-12-15T09:22:00.000+01:00
0,-22.19858,,-29.110512,,2022-09-01T18:50:00.000+02:00,2022-09-01T18:51:00.000+02:00
0,-22.229475,,-29.271023,,2022-07-27T00:00:00.000+02:00,2022-07-27T00:01:00.000+02:00
0,-22.567898,,-29.681889,,2022-08-17T12:13:00.000+02:00,2022-08-17T12:14:00.000+02:00
0,-21.096308,,-29.37081,,2022-12-30T11:04:00.000+01:00,2022-12-30T11:05:00.000+01:00
0,-22.886435,,-29.855541,,2022-11-06T10:58:00.000+01:00,2022-11-06T10:59:00.000+01:00
0,-22.065767,,-29.142826,,2022-08-10T03:52:00.000+02:00,2022-08-10T03:53:00.000+02:00
0,-22.44574,,-29.397799,,2022-08-15T12:48:00.000+02:00,2022-08-15T12:49:00.000+02:00
0,-20.930824,,-29.26818,,2022-12-27T14:31:00.000+01:00,2022-12-27T14:32:00.000+01:00
0,-22.959587,,-30.030611,,2022-10-11T19:40:00.000+02:00,2022-10-11T19:41:00.000+02:00
0,-22.160938,,-29.151705,,2022-08-15T02:44:00.000+02:00,2022-08-15T02:45:00.000+02:00
0,-22.395313,,-29.514986,,2022-06-29T09:14:00.000+02:00,2022-06-29T09:15:00.000+02:00
0,-20.533806,,-29.005398,,2022-12-16T22:30:00.000+01:00,2022-12-16T22:31:00.000+01:00
0,-23.189701,,-30.075356,,2022-10-09T04:02:00.000+02:00,2022-10-09T04:03:00.000+02:00
0,-22.39922,,-29.26108,,2022-05-26T02:21:00.000+02:00,2022-05-26T02:22:00.000+02:00
0,-22.101278,,-29.187925,,2022-08-09T03:35:00.000+02:00,2022-08-09T03:36:00.000+02:00
0,-22.771023,,-29.847017,,2022-07-02T07:52:00.000+02:00,2022-07-02T07:53:00.000+02:00
0,-22.984446,,-29.916264,,2022-10-13T03:17:00.000+02:00,2022-10-13T03:18:00.000+02:00
0,-22.773865,,-29.662003,,2022-09-25T22:00:00.000+02:00,2022-09-25T22:01:00.000+02:00
0,-22.340626,,-29.46669,,2022-08-02T09:12:00.000+02:00,2022-08-02T09:13:00.000+02:00
0,-22.285582,,-29.094887,,2022-09-01T17:21:00.000+02:00,2022-09-01T17:22:00.000+02:00
0,,,,,2022-06-06T21:51:00.000+02:00,2022-06-06T21:52:00.000+02:00
1,-22.829971,,-29.866903,,2022-07-06T05:00:00.000+02:00,2022-07-06T05:01:00.000+02:00
0,-23.473083,,-30.248295,,2022-10-18T15:17:00.000+02:00,2022-10-18T15:18:00.000+02:00
0,-23.86193,,-30.76108,,2022-10-18T11:08:00.000+02:00,2022-10-18T11:09:00.000+02:00
0,-22.54446,,-29.57429,,2022-05-27T16:57:00.000+02:00,2022-05-27T16:58:00.000+02:00
0,-22.562216,,-29.611576,,2022-09-07T13:25:00.000+02:00,2022-09-07T13:26:00.000+02:00
0,-22.351633,,-29.295525,,2022-09-10T16:10:00.000+02:00,2022-09-10T16:11:00.000+02:00
0,-22.34169,,-29.470596,,2022-12-08T16:02:00.000+01:00,2022-12-08T16:03:00.000+01:00
1,-22.778835,,-29.678694,,2022-07-09T01:40:00.000+02:00,2022-07-09T01:41:00.000+02:00
0,-22.02919,,-29.177982,,2022-08-06T05:00:00.000+02:00,2022-08-06T05:01:00.000+02:00
0,-23.651705,,-30.560795,,2022-10-21T09:51:00.000+02:00,2022-10-21T09:52:00.000+02:00
0,-20.5402,,-28.997585,,2022-12-22T22:54:00.000+01:00,2022-12-22T22:55:00.000+01:00
0,-22.555824,,-29.55547,,2022-06-09T19:45:00.000+02:00,2022-06-09T19:46:00.000+02:00
0,-23.882528,,-30.507174,,2022-12-06T04:34:00.000+01:00,2022-12-06T04:35:00.000+01:00
0,-23.33672,,-30.469532,,2022-11-20T08:58:00.000+01:00,2022-11-20T08:59:00.000+01:00
0,-22.534872,,-29.312927,,2022-06-26T11:45:00.000+02:00,2022-06-26T11:46:00.000+02:00
0,-22.44574,,-29.59666,,2022-08-12T09:57:00.000+02:00,2022-08-12T09:58:00.000+02:00
0,-22.294815,,-29.440056,,2022-09-04T17:05:00.000+02:00,2022-09-04T17:06:00.000+02:00
0,-23.448935,,-30.443607,,2022-10-08T16:06:00.000+02:00,2022-10-08T16:07:00.000+02:00
0,-22.55831,,-29.69929,,2022-05-17T13:31:00.000+02:00,2022-05-17T13:32:00.000+02:00
0,,,,,2022-06-19T19:10:00.000+02:00,2022-06-19T19:11:00.000+02:00
1,-22.298721,,-29.099148,,2022-08-16T03:47:00.000+02:00,2022-08-16T03:48:00.000+02:00
0,-22.434376,,-29.469532,,2022-06-23T19:09:00.000+02:00,2022-06-23T19:10:00.000+02:00
0,-22.528835,,-29.583168,,2022-06-14T18:07:00.000+02:00,2022-06-14T18:08:00.000+02:00
0,-22.723438,,-29.96243,,2022-11-10T07:12:00.000+01:00,2022-11-10T07:13:00.000+01:00
0,-22.86726,,-28.775993,,2022-06-16T11:59:00.000+02:00,2022-06-16T12:00:00.000+02:00
0,-23.942543,,-30.838493,,2022-10-26T09:56:00.000+02:00,2022-10-26T09:57:00.000+02:00
0,-22.301563,,-29.482315,,2022-07-19T18:01:00.000+02:00,2022-07-19T18:02:00.000+02:00
0,-22.383595,,-29.190767,,2022-09-12T07:19:00.000+02:00,2022-09-12T07:20:00.000+02:00
0,-22.409872,,-29.398865,,2022-06-09T03:35:00.000+02:00,2022-06-09T03:36:00.000+02:00
0,-23.349503,,-30.075,,2022-10-03T09:22:00.000+02:00,2022-10-03T09:23:00.000+02:00
0,-22.291618,,-29.24297,,2022-05-26T06:58:00.000+02:00,2022-05-26T06:59:00.000+02:00
0,-22.191122,,-29.195028,,2022-06-02T05:14:00.000+02:00,2022-06-02T05:15:00.000+02:00
0,-23.81257,,-31.231606,,2022-11-23T14:38:00.000+01:00,2022-11-23T14:39:00.000+01:00
0,-22.621876,,-30.110867,,2022-11-09T02:16:00.000+01:00,2022-11-09T02:17:00.000+01:00
0,-20.868324,,-29.126137,,2022-12-17T08:26:00.000+01:00,2022-12-17T08:27:00.000+01:00
0,-22.109802,,-29.377913,,2022-08-06T22:03:00.000+02:00,2022-08-06T22:04:00.000+02:00
0,-22.24297,,-29.076065,,2022-08-16T04:40:00.000+02:00,2022-08-16T04:41:00.000+02:00
0,-22.253622,,-29.509659,,2022-12-07T18:08:00.000+01:00,2022-12-07T18:09:00.000+01:00
0,-22.115837,,-29.08885,,2022-08-14T04:56:00.000+02:00,2022-08-14T04:57:00.000+02:00
0,-22.26534,,-29.519604,,2022-07-29T16:23:00.000+02:00,2022-07-29T16:24:00.000+02:00
0,-20.653124,,-29.12223,,2022-12-20T05:07:00.000+01:00,2022-12-20T05:08:00.000+01:00
0,-22.431889,,-29.344177,,2022-06-14T00:11:00.000+02:00,2022-06-14T00:12:00.000+02:00
0,-23.235512,,-29.859446,,2022-08-27T08:57:00.000+02:00,2022-08-27T08:58:00.000+02:00
0,-22.94645,,-30.070738,,2022-11-05T13:55:00.000+01:00,2022-11-05T13:56:00.000+01:00
0,-22.528835,,-29.807955,,2022-07-22T11:44:00.000+02:00,2022-07-22T11:45:00.000+02:00
0,-22.349503,,-29.433664,,2022-05-20T18:17:00.000+02:00,2022-05-20T18:18:00.000+02:00
0,-22.387146,,-29.55476,,2022-06-13T09:23:00.000+02:00,2022-06-13T09:24:00.000+02:00
0,-22.576775,,-29.624361,,2022-09-22T19:23:00.000+02:00,2022-09-22T19:24:00.000+02:00
0,-23.346308,,-30.173012,,2022-10-02T09:32:00.000+02:00,2022-10-02T09:33:00.000+02:00
0,-22.599857,,-29.685795,,2022-06-22T16:31:00.000+02:00,2022-06-22T16:32:00.000+02:00
0,-23.087784,,-30.071804,,2022-08-24T11:57:00.000+02:00,2022-08-24T11:58:00.000+02:00
0,-22.359447,,-29.377558,,2022-06-29T02:06:00.000+02:00,2022-06-29T02:07:00.000+02:00
0,-22.192188,,-29.328907,,2022-12-11T18:34:00.000+01:00,2022-12-11T18:35:00.000+01:00
1,-23.213493,,-30.785938,,2022-11-08T13:23:00.000+01:00,2022-11-08T13:24:00.000+01:00
0,-22.592756,,-29.81044,,2022-07-19T12:00:00.000+02:00,2022-07-19T12:01:00.000+02:00
0,-22.565767,,-29.728409,,2022-07-11T17:04:00.000+02:00,2022-07-11T17:05:00.000+02:00
0,-22.416973,,-29.54517,,2022-07-19T14:06:00.000+02:00,2022-07-19T14:07:00.000+02:00
0,-22.302273,,-29.517117,,2022-09-07T17:21:00.000+02:00,2022-09-07T17:22:00.000+02:00
0,-20.446804,,-29.037712,,2022-12-26T00:06:00.000+01:00,2022-12-26T00:07:00.000+01:00
0,-22.347017,,-29.380043,,2022-08-21T01:21:00.000+02:00,2022-08-21T01:22:00.000+02:00
0,-23.377556,,-30.741192,,2022-11-25T18:40:00.000+01:00,2022-11-25T18:41:00.000+01:00
0,-22.128979,,-29.213139,,2022-07-24T23:55:00.000+02:00,2022-07-24T23:56:00.000+02:00
0,-22.200356,,-29.193607,,2022-05-19T04:31:00.000+02:00,2022-05-19T04:32:00.000+02:00
0,-23.809021,,-30.943964,,2022-10-23T14:48:00.000+02:00,2022-10-23T14:49:00.000+02:00
0,-22.911293,,-28.697159,,2022-09-16T06:53:00.000+02:00,2022-09-16T06:54:00.000+02:00
0,-22.176563,,-29.123295,,2022-12-12T02:57:00.000+01:00,2022-12-12T02:58:00.000+01:00
0,-22.891407,,-29.752201,,2022-11-23T05:13:00.000+01:00,2022-11-23T05:14:00.000+01:00
0,-22.595242,,-29.624716,,2022-05-26T12:20:00.000+02:00,2022-05-26T12:21:00.000+02:00
0,-22.471306,,-29.643538,,2022-07-05T10:05:00.000+02:00,2022-07-05T10:06:00.000+02:00
0,-22.130753,,-29.249361,,2022-12-08T19:48:00.000+01:00,2022-12-08T19:49:00.000+01:00
0,-23.916973,,-30.945383,,2022-10-19T13:27:00.000+02:00,2022-10-19T13:28:00.000+02:00
0,-23.649574,,-30.567898,,2022-10-21T10:27:00.000+02:00,2022-10-21T10:28:00.000+02:00
0,-22.353054,,-29.557243,,2022-07-26T15:12:00.000+02:00,2022-07-26T15:13:00.000+02:00
0,-23.433664,,-30.494034,,2022-10-23T20:57:00.000+02:00,2022-10-23T20:58:00.000+02:00
0,-22.769958,,-29.7174,,2022-07-06T23:23:00.000+02:00,2022-07-06T23:24:00.000+02:00
0,,,,,2022-05-26T20:14:00.000+02:00,2022-05-26T20:15:00.000+02:00
0,-22.313637,,-29.497585,,2022-07-14T21:59:00.000+02:00,2022-07-14T22:00:00.000+02:00
0,-22.798721,,-29.983736,,2022-05-23T11:09:00.000+02:00,2022-05-23T11:10:00.000+02:00
1,-22.1652,,-29.32855,,2022-07-27T21:17:00.000+02:00,2022-07-27T21:18:00.000+02:00
0,-22.606606,,-29.689346,,2022-06-16T15:58:00.000+02:00,2022-06-16T15:59:00.000+02:00
0,-23.213495,,-30.17159,,2022-10-22T04:20:00.000+02:00,2022-10-22T04:21:00.000+02:00
0,-20.910227,,-29.231606,,2022-12-30T08:59:00.000+01:00,2022-12-30T09:00:00.000+01:00
0,-22.400993,,-29.644602,,2022-07-30T11:07:00.000+02:00,2022-07-30T11:08:00.000+02:00
1,-27.033451,,-25.106606,,2022-06-16T03:47:00.000+02:00,2022-06-16T03:48:00.000+02:00
1,-22.931889,,-29.35909,,2022-11-19T12:01:00.000+01:00,2022-11-19T12:02:00.000+01:00
0,-23.217045,,-29.971663,,2022-09-26T10:36:00.000+02:00,2022-09-26T10:37:00.000+02:00
0,-22.181534,,-29.213139,,2022-06-06T05:48:00.000+02:00,2022-06-06T05:49:00.000+02:00
0,-23.291618,,-30.722017,,2022-11-09T08:45:00.000+01:00,2022-11-09T08:46:00.000+01:00
0,-22.686506,,-29.689701,,2022-05-25T13:22:00.000+02:00,2022-05-25T13:23:00.000+02:00
0,-23.601633,,-30.719177,,2022-10-16T15:54:00.000+02:00,2022-10-16T15:55:00.000+02:00
0,-23.397444,,-30.211363,,2022-08-24T15:20:00.000+02:00,2022-08-24T15:21:00.000+02:00
0,-22.275995,,-29.171236,,2022-06-24T06:53:00.000+02:00,2022-06-24T06:54:00.000+02:00
0,-22.343466,,-28.521378,,2022-11-05T21:15:00.000+01:00,2022-11-05T21:16:00.000+01:00
0,-23.446804,,-30.310795,,2022-09-09T08:40:00.000+02:00,2022-09-09T08:41:00.000+02:00
0,-22.180824,,-29.45568,,2022-08-05T19:26:00.000+02:00,2022-08-05T19:27:00.000+02:00
0,-22.940056,,-30.005753,,2022-08-25T21:39:00.000+02:00,2022-08-25T21:40:00.000+02:00
0,-22.446095,,-29.188282,,2022-07-14T08:33:00.000+02:00,2022-07-14T08:34:00.000+02:00
0,-22.551563,,-29.595596,,2022-06-08T20:16:00.000+02:00,2022-06-08T20:17:00.000+02:00
0,-20.518892,,-29.135368,,2022-12-27T02:36:00.000+01:00,2022-12-27T02:37:00.000+01:00
0,-22.405611,,-29.513565,,2022-06-03T15:28:00.000+02:00,2022-06-03T15:29:00.000+02:00
0,-20.364773,,-28.929758,,2022-12-27T18:19:00.000+01:00,2022-12-27T18:20:00.000+01:00
0,-22.539845,,-29.61868,,2022-08-18T11:25:00.000+02:00,2022-08-18T11:26:00.000+02:00
0,-22.229475,,-29.267117,,2022-07-19T00:54:00.000+02:00,2022-07-19T00:55:00.000+02:00
0,-23.005043,,-29.811861,,2022-09-18T10:45:00.000+02:00,2022-09-18T10:46:00.000+02:00
1,-23.200356,,-29.653835,,2022-08-27T10:26:00.000+02:00,2022-08-27T10:27:00.000+02:00
0,-20.870455,,-29.132528,,2022-12-22T08:55:00.000+01:00,2022-12-22T08:56:00.000+01:00
0,-22.128977,,-29.204262,,2022-07-19T06:20:00.000+02:00,2022-07-19T06:21:00.000+02:00
0,-20.64993,,-28.957102,,2022-12-16T15:07:00.000+01:00,2022-12-16T15:08:00.000+01:00
0,-22.244034,,-29.198935,,2022-06-02T04:25:00.000+02:00,2022-06-02T04:26:00.000+02:00
1,-22.55476,,-28.911293,,2022-06-03T19:46:00.000+02:00,2022-06-03T19:47:00.000+02:00
0,-22.487997,,-29.615837,,2022-05-20T13:47:00.000+02:00,2022-05-20T13:48:00.000+02:00
0,-20.662712,,-29.12081,,2022-12-20T05:26:00.000+01:00,2022-12-20T05:27:00.000+01:00
0,-23.470951,,-30.24794,,2022-12-04T02:44:00.000+01:00,2022-12-04T02:45:00.000+01:00
0,-22.311504,,-29.463139,,2022-09-04T17:32:00.000+02:00,2022-09-04T17:33:00.000+02:00
0,-22.299788,,-29.235512,,2022-06-02T03:34:00.000+02:00,2022-06-02T03:35:00.000+02:00
0,-23.335299,,-30.876137,,2022-11-30T15:49:00.000+01:00,2022-11-30T15:50:00.000+01:00
0,-23.423012,,-30.580326,,2022-11-25T23:28:00.000+01:00,2022-11-25T23:29:00.000+01:00
0,-22.444319,,-29.541618,,2022-05-30T17:18:00.000+02:00,2022-05-30T17:19:00.000+02:00
0,-22.421236,,-29.627556,,2022-08-07T16:43:00.000+02:00,2022-08-07T16:44:00.000+02:00
0,-22.257528,,-29.403835,,2022-06-08T07:28:00.000+02:00,2022-06-08T07:29:00.000+02:00
0,-23.142117,,-28.578907,,2022-11-19T08:09:00.000+01:00,2022-11-19T08:10:00.000+01:00
0,-22.66946,,-28.67017,,2022-05-22T12:31:00.000+02:00,2022-05-22T12:32:00.000+02:00
0,-23.351278,,-30.33743,,2022-10-19T02:12:00.000+02:00,2022-10-19T02:13:00.000+02:00
1,-23.02493,,-30.35909,,2022-11-12T14:48:00.000+01:00,2022-11-12T14:49:00.000+01:00
0,-22.382883,,-29.511435,,2022-10-29T22:17:00.000+02:00,2022-10-29T22:18:00.000+02:00
0,-22.63395,,-29.8076,,2022-07-10T16:29:00.000+02:00,2022-07-10T16:30:00.000+02:00
0,-22.609802,,-29.752556,,2022-06-29T12:52:00.000+02:00,2022-06-29T12:53:00.000+02:00
1,-22.549076,,-29.018538,,2022-06-15T05:38:00.000+02:00,2022-06-15T05:39:00.000+02:00
0,-23.266762,,-30.155611,,2022-12-03T03:29:00.000+01:00,2022-12-03T03:30:00.000+01:00
0,-23.99581,,-31.156677,,2022-11-27T11:39:00.000+01:00,2022-11-27T11:40:00.000+01:00
0,-22.413424,,-29.155966,,2022-08-28T11:44:00.000+02:00,2022-08-28T11:45:00.000+02:00
1,-22.895668,,-29.49794,,2022-10-09T20:46:00.000+02:00,2022-10-09T20:47:00.000+02:00
0,-22.21172,,-29.188992,,2022-05-17T04:37:00.000+02:00,2022-05-17T04:38:00.000+02:00
0,-20.591335,,-28.989063,,2022-12-23T17:03:00.000+01:00,2022-12-23T17:04:00.000+01:00
0,-20.553339,,-28.988352,,2022-12-19T23:14:00.000+01:00,2022-12-19T23:15:00.000+01:00
1,-22.56541,,-29.467754,,2022-07-01T11:35:00.000+02:00,2022-07-01T11:36:00.000+02:00
0,-22.161648,,-29.283806,,2022-07-28T01:52:00.000+02:00,2022-07-28T01:53:00.000+02:00
0,-22.62294,,-29.788424,,2022-06-08T14:07:00.000+02:00,2022-06-08T14:08:00.000+02:00
0,-22.069317,,-29.203552,,2022-07-29T02:13:00.000+02:00,2022-07-29T02:14:00.000+02:00
0,-23.8424,,-30.954617,,2022-12-04T17:02:00.000+01:00,2022-12-04T17:03:00.000+01:00
0,-23.386436,,-30.991194,,2022-11-26T17:30:00.000+01:00,2022-11-26T17:31:00.000+01:00
0,-22.361933,,-29.030966,,2022-11-01T01:34:00.000+01:00,2022-11-01T01:35:00.000+01:00
0,-23.085299,,-29.891762,,2022-10-03T06:16:00.000+02:00,2022-10-03T06:17:00.000+02:00
0,-22.01321,,-29.178694,,2022-07-29T04:54:00.000+02:00,2022-07-29T04:55:00.000+02:00
0,-20.470951,,-29.041975,,2022-12-24T23:49:00.000+01:00,2022-12-24T23:50:00.000+01:00
0,-22.441832,,-29.484802,,2022-06-22T13:40:00.000+02:00,2022-06-22T13:41:00.000+02:00
0,-22.507528,,-29.51321,,2022-09-03T12:06:00.000+02:00,2022-09-03T12:07:00.000+02:00
0,-22.572515,,-29.800497,,2022-11-04T17:29:00.000+01:00,2022-11-04T17:30:00.000+01:00
0,-22.533451,,-29.713848,,2022-08-02T14:19:00.000+02:00,2022-08-02T14:20:00.000+02:00
0,-22.360512,,-29.300142,,2022-06-28T03:38:00.000+02:00,2022-06-28T03:39:00.000+02:00
0,-22.416975,,-29.42017,,2022-05-29T19:52:00.000+02:00,2022-05-29T19:53:00.000+02:00
0,-22.577486,,-29.473438,,2022-09-10T12:06:00.000+02:00,2022-09-10T12:07:00.000+02:00
0,-23.79659,,-30.269958,,2022-10-28T04:17:00.000+02:00,2022-10-28T04:18:00.000+02:00
0,-22.942543,,-30.016762,,2022-11-02T10:33:00.000+01:00,2022-11-02T10:34:00.000+01:00
0,-22.473793,,-29.60483,,2022-07-10T20:06:00.000+02:00,2022-07-10T20:07:00.000+02:00
0,-23.788778,,-30.822159,,2022-10-23T14:00:00.000+02:00,2022-10-23T14:01:00.000+02:00
0,-22.262146,,-29.525284,,2022-08-07T18:05:00.000+02:00,2022-08-07T18:06:00.000+02:00
0,-22.289133,,-29.233381,,2022-09-07T06:32:00.000+02:00,2022-09-07T06:33:00.000+02:00
0,-22.338495,,-29.011435,,2022-11-06T03:04:00.000+01:00,2022-11-06T03:05:00.000+01:00
0,-23.160582,,-30.191833,,2022-10-04T15:33:00.000+02:00,2022-10-04T15:34:00.000+02:00
0,-23.117615,,-29.95568,,2022-08-26T00:07:00.000+02:00,2022-08-26T00:08:00.000+02:00
0,-21.235512,,-29.04233,,2022-12-23T00:06:00.000+01:00,2022-12-23T00:07:00.000+01:00
0,-22.04517,,-29.084232,,2022-08-12T03:17:00.000+02:00,2022-08-12T03:18:00.000+02:00
0,-22.423367,,-29.582457,,2022-07-10T20:57:00.000+02:00,2022-07-10T20:58:00.000+02:00
0,-22.246876,,-29.252913,,2022-08-20T08:13:00.000+02:00,2022-08-20T08:14:00.000+02:00
0,-22.27493,,-29.194674,,2022-06-01T02:54:00.000+02:00,2022-06-01T02:55:00.000+02:00
0,-22.306534,,-29.48196,,2022-08-16T17:16:00.000+02:00,2022-08-16T17:17:00.000+02:00
0,-22.34169,,-29.431889,,2022-05-18T19:25:00.000+02:00,2022-05-18T19:26:00.000+02:00
0,-22.778126,,-29.73125,,2022-06-23T11:53:00.000+02:00,2022-06-23T11:54:00.000+02:00
0,-23.21669,,-30.261435,,2022-10-21T22:30:00.000+02:00,2022-10-21T22:31:00.000+02:00
0,-22.291975,,-29.284163,,2022-08-22T05:59:00.000+02:00,2022-08-22T06:00:00.000+02:00
1,-23.056534,,-28.526705,,2022-07-12T09:47:00.000+02:00,2022-07-12T09:48:00.000+02:00
0,-22.268892,,-29.267117,,2022-08-02T00:10:00.000+02:00,2022-08-02T00:11:00.000+02:00
1,-22.85909,,-29.780256,,2022-06-18T16:00:00.000+02:00,2022-06-18T16:01:00.000+02:00
0,-22.169106,,-29.218111,,2022-06-14T05:27:00.000+02:00,2022-06-14T05:28:00.000+02:00
0,-22.571804,,-29.444319,,2022-07-15T10:23:00.000+02:00,2022-07-15T10:24:00.000+02:00
0,-23.105894,,-29.847372,,2022-09-30T22:07:00.000+02:00,2022-09-30T22:08:00.000+02:00
1,-22.307955,,-28.913069,,2022-06-25T02:32:00.000+02:00,2022-06-25T02:33:00.000+02:00
0,-22.235867,,-29.193253,,2022-05-19T04:21:00.000+02:00,2022-05-19T04:22:00.000+02:00
0,-22.612288,,-29.622585,,2022-07-03T03:46:00.000+02:00,2022-07-03T03:47:00.000+02:00
0,-22.346306,,-29.507528,,2022-12-09T17:10:00.000+01:00,2022-12-09T17:11:00.000+01:00
1,-22.267471,,-29.000782,,2022-05-25T05:35:00.000+02:00,2022-05-25T05:36:00.000+02:00
0,-23.221306,,-30.295881,,2022-10-22T20:54:00.000+02:00,2022-10-22T20:55:00.000+02:00
0,-22.10554,,-29.239773,,2022-07-23T23:07:00.000+02:00,2022-07-23T23:08:00.000+02:00
0,,,,,2022-06-30T07:10:00.000+02:00,2022-06-30T07:11:00.000+02:00
0,-21.08956,,-29.304758,,2022-12-22T13:30:00.000+01:00,2022-12-22T13:31:00.000+01:00
0,-22.615482,,-29.880753,,2022-08-08T12:27:00.000+02:00,2022-08-08T12:28:00.000+02:00
0,-22.459587,,-29.267471,,2022-09-15T04:58:00.000+02:00,2022-09-15T04:59:00.000+02:00
0,-22.30618,,-29.34169,,2022-08-28T20:08:00.000+02:00,2022-08-28T20:09:00.000+02:00
0,-23.483381,,-30.348793,,2022-10-18T15:40:00.000+02:00,2022-10-18T15:41:00.000+02:00
0,-22.100569,,-29.331747,,2022-07-24T20:06:00.000+02:00,2022-07-24T20:07:00.000+02:00
0,-23.281677,,-30.319674,,2022-10-20T21:55:00.000+02:00,2022-10-20T21:56:00.000+02:00
0,-22.921236,,-29.82784,,2022-10-01T19:27:00.000+02:00,2022-10-01T19:28:00.000+02:00
0,-23.214914,,-29.62365,,2022-08-27T07:25:00.000+02:00,2022-08-27T07:26:00.000+02:00
0,-23.534517,,-30.446804,,2022-10-03T11:50:00.000+02:00,2022-10-03T11:51:00.000+02:00
0,-23.82429,,-30.717045,,2022-10-18T10:36:00.000+02:00,2022-10-18T10:37:00.000+02:00
0,-22.062216,,-29.314346,,2022-07-25T22:08:00.000+02:00,2022-07-25T22:09:00.000+02:00
0,-22.495098,,-29.369389,,2022-07-15T21:59:00.000+02:00,2022-07-15T22:00:00.000+02:00
0,-22.209944,,-29.271732,,2022-08-16T23:27:00.000+02:00,2022-08-16T23:28:00.000+02:00
0,-22.3424,,-29.415554,,2022-08-15T18:45:00.000+02:00,2022-08-15T18:46:00.000+02:00
0,-20.835299,,-29.094175,,2022-12-15T10:18:00.000+01:00,2022-12-15T10:19:00.000+01:00
1,-22.876137,,-29.648865,,2022-09-20T14:17:00.000+02:00,2022-09-20T14:18:00.000+02:00
0,-22.531677,,-29.350569,,2022-09-17T23:13:00.000+02:00,2022-09-17T23:14:00.000+02:00
0,-22.627556,,-29.489418,,2022-09-20T02:31:00.000+02:00,2022-09-20T02:32:00.000+02:00
0,-22.187216,,-29.151705,,2022-06-07T03:31:00.000+02:00,2022-06-07T03:32:00.000+02:00
0,-23.083523,,-30.095596,,2022-11-19T15:40:00.000+01:00,2022-11-19T15:41:00.000+01:00
0,-22.110867,,-29.329262,,2022-08-12T17:58:00.000+02:00,2022-08-12T17:59:00.000+02:00
0,-22.209944,,-29.222017,,2022-06-08T02:04:00.000+02:00,2022-06-08T02:05:00.000+02:00
0,-22.429758,,-29.459944,,2022-06-27T20:59:00.000+02:00,2022-06-27T21:00:00.000+02:00
0,-22.473438,,-28.556534,,2022-05-31T15:48:00.000+02:00,2022-05-31T15:49:00.000+02:00
0,-23.033451,,-30.105185,,2022-11-22T02:49:00.000+01:00,2022-11-22T02:50:00.000+01:00
1,-23.255043,,-28.201065,,2022-11-19T06:13:00.000+01:00,2022-11-19T06:14:00.000+01:00
0,-22.55902,,-29.517826,,2022-10-30T07:17:00.000+01:00,2022-10-30T07:18:00.000+01:00
0,-22.37081,,-29.237642,,2022-05-23T00:55:00.000+02:00,2022-05-23T00:56:00.000+02:00
0,-22.374716,,-29.271378,,2022-06-29T03:14:00.000+02:00,2022-06-29T03:15:00.000+02:00
0,-23.69645,,-30.750072,,2022-10-17T15:29:00.000+02:00,2022-10-17T15:30:00.000+02:00
0,-22.271023,,-29.356606,,2022-11-02T03:16:00.000+01:00,2022-11-02T03:17:00.000+01:00
0,-22.649574,,-30.307955,,2022-11-06T18:33:00.000+01:00,2022-11-06T18:34:00.000+01:00
0,-23.925142,,-31.178692,,2022-11-27T13:20:00.000+01:00,2022-11-27T13:21:00.000+01:00
0,-20.742258,,-29.095596,,2022-12-15T16:05:00.000+01:00,2022-12-15T16:06:00.000+01:00
0,,,,,2022-06-24T22:20:00.000+02:00,2022-06-24T22:21:00.000+02:00
0,-22.487997,,-29.469887,,2022-07-16T03:15:00.000+02:00,2022-07-16T03:16:00.000+02:00
0,-22.222727,,-29.460299,,2022-08-20T21:51:00.000+02:00,2022-08-20T21:52:00.000+02:00
1,-23.464205,,-27.530966,,2022-06-21T11:10:00.000+02:00,2022-06-21T11:11:00.000+02:00
0,-20.392117,,-28.912003,,2022-12-23T20:28:00.000+01:00,2022-12-23T20:29:00.000+01:00
0,-22.312927,,-29.35909,,2022-11-17T00:38:00.000+01:00,2022-11-17T00:39:00.000+01:00
0,-22.157387,,-29.271023,,2022-07-23T22:22:00.000+02:00,2022-07-23T22:23:00.000+02:00
0,-22.80618,,-29.85625,,2022-11-02T09:11:00.000+01:00,2022-11-02T09:12:00.000+01:00
0,-20.605185,,-29.15348,,2022-12-13T03:26:00.000+01:00,2022-12-13T03:27:00.000+01:00
0,-22.935795,,-30.010723,,2022-07-02T08:32:00.000+02:00,2022-07-02T08:33:00.000+02:00
0,-23.894958,,-30.795525,,2022-10-09T12:20:00.000+02:00,2022-10-09T12:21:00.000+02:00
1,-27.18047,,-25.608736,,2022-06-21T04:39:00.000+02:00,2022-06-21T04:40:00.000+02:00
1,-22.276348,,-28.988352,,2022-05-21T07:35:00.000+02:00,2022-05-21T07:36:00.000+02:00
0,-23.21243,,-30.35696,,2022-10-20T17:57:00.000+02:00,2022-10-20T17:58:00.000+02:00
0,-23.15348,,-29.868324,,2022-10-23T04:30:00.000+02:00,2022-10-23T04:31:00.000+02:00
0,-22.26392,,-29.296946,,2022-08-18T07:52:00.000+02:00,2022-08-18T07:53:00.000+02:00
0,-23.916264,,-30.92017,,2022-10-27T13:37:00.000+02:00,2022-10-27T13:38:00.000+02:00
1,-22.442188,,-28.800142,,2022-06-25T07:23:00.000+02:00,2022-06-25T07:24:00.000+02:00
1,-22.485157,,-29.022442,,2022-07-14T04:20:00.000+02:00,2022-07-14T04:21:00.000+02:00
0,-22.085653,,-29.191477,,2022-07-28T06:21:00.000+02:00,2022-07-28T06:22:00.000+02:00
1,-22.839205,,-29.062927,,2022-07-16T12:35:00.000+02:00,2022-07-16T12:36:00.000+02:00
0,-23.854475,,-30.77493,,2022-11-14T09:59:00.000+01:00,2022-11-14T10:00:00.000+01:00
0,-23.425852,,-30.54943,,2022-11-26T04:14:00.000+01:00,2022-11-26T04:15:00.000+01:00
0,-22.288778,,-29.078907,,2022-08-23T01:15:00.000+02:00,2022-08-23T01:16:00.000+02:00
0,-22.371166,,-29.485512,,2022-05-18T08:58:00.000+02:00,2022-05-18T08:59:00.000+02:00
0,-22.554049,,-29.795525,,2022-10-31T19:07:00.000+01:00,2022-10-31T19:08:00.000+01:00
0,-22.62507,,-29.784517,,2022-08-06T13:49:00.000+02:00,2022-08-06T13:50:00.000+02:00
0,-22.476278,,-29.660227,,2022-07-04T16:28:00.000+02:00,2022-07-04T16:29:00.000+02:00
0,-23.29517,,-30.394602,,2022-10-05T16:42:00.000+02:00,2022-10-05T16:43:00.000+02:00
0,-23.146732,,-30.163778,,2022-10-05T02:22:00.000+02:00,2022-10-05T02:23:00.000+02:00
0,-22.770313,,-29.724857,,2022-07-06T23:32:00.000+02:00,2022-07-06T23:33:00.000+02:00
0,-22.54162,,-29.682243,,2022-08-20T15:57:00.000+02:00,2022-08-20T15:58:00.000+02:00
0,-22.629688,,-29.537357,,2022-06-19T03:30:00.000+02:00,2022-06-19T03:31:00.000+02:00
0,-22.510014,,-29.57287,,2022-06-08T20:48:00.000+02:00,2022-06-08T20:49:00.000+02:00
0,-23.576775,,-30.456036,,2022-10-13T10:45:00.000+02:00,2022-10-13T10:46:00.000+02:00
0,-24.038424,,-30.616549,,2022-12-07T05:59:00.000+01:00,2022-12-07T06:00:00.000+01:00
0,-22.505753,,-30.041264,,2022-11-09T21:18:00.000+01:00,2022-11-09T21:19:00.000+01:00
0,-22.241549,,-29.226635,,2022-06-24T04:49:00.000+02:00,2022-06-24T04:50:00.000+02:00
0,-22.490128,,-29.465626,,2022-08-31T12:04:00.000+02:00,2022-08-31T12:05:00.000+02:00
0,-20.494743,,-29.070383,,2022-12-14T01:47:00.000+01:00,2022-12-14T01:48:00.000+01:00
0,-22.472372,,-29.27848,,2022-09-11T11:41:00.000+02:00,2022-09-11T11:42:00.000+02:00
0,-22.405966,,-29.537003,,2022-06-07T17:55:00.000+02:00,2022-06-07T17:56:00.000+02:00
0,-23.395313,,-30.226278,,2022-10-18T06:01:00.000+02:00,2022-10-18T06:02:00.000+02:00
0,-22.18757,,-29.309376,,2022-08-02T02:17:00.000+02:00,2022-08-02T02:18:00.000+02:00
0,-22.539133,,-29.588495,,2022-06-26T12:41:00.000+02:00,2022-06-26T12:42:00.000+02:00
0,-22.385368,,-29.396378,,2022-08-21T07:38:00.000+02:00,2022-08-21T07:39:00.000+02:00
0,-23.577486,,-30.530611,,2022-11-29T07:05:00.000+01:00,2022-11-29T07:06:00.000+01:00
0,-22.641762,,-29.761435,,2022-11-17T19:38:00.000+01:00,2022-11-17T19:39:00.000+01:00
0,-23.174786,,-30.33885,,2022-10-22T19:07:00.000+02:00,2022-10-22T19:08:00.000+02:00
0,-21.210299,,-29.409872,,2022-12-23T11:36:00.000+01:00,2022-12-23T11:37:00.000+01:00
0,-22.243324,,-29.321804,,2022-08-30T19:36:00.000+02:00,2022-08-30T19:37:00.000+02:00
0,-23.095596,,-30.033451,,2022-11-17T08:41:00.000+01:00,2022-11-17T08:42:00.000+01:00
0,-22.489418,,-29.499716,,2022-09-04T12:16:00.000+02:00,2022-09-04T12:17:00.000+02:00
0,-22.957813,,-29.828907,,2022-09-30T04:59:00.000+02:00,2022-09-30T05:00:00.000+02:00
0,-22.507174,,-29.430824,,2022-06-26T08:55:00.000+02:00,2022-06-26T08:56:00.000+02:00
0,-20.568607,,-28.919815,,2022-12-16T17:14:00.000+01:00,2022-12-16T17:15:00.000+01:00
0,-22.408451,,-29.1652,,2022-09-13T07:18:00.000+02:00,2022-09-13T07:19:00.000+02:00
0,-22.192543,,-29.409872,,2022-08-11T17:29:00.000+02:00,2022-08-11T17:30:00.000+02:00
0,-22.653126,,-29.718111,,2022-06-09T16:51:00.000+02:00,2022-06-09T16:52:00.000+02:00
0,-23.849503,,-31.07074,,2022-11-27T12:47:00.000+01:00,2022-11-27T12:48:00.000+01:00
0,-22.11868,,-29.311506,,2022-08-08T21:40:00.000+02:00,2022-08-08T21:41:00.000+02:00
1,-22.392826,,-29.31044,,2022-05-24T07:56:00.000+02:00,2022-05-24T07:57:00.000+02:00
0,-22.659517,,-29.659517,,2022-07-16T15:23:00.000+02:00,2022-07-16T15:24:00.000+02:00
0,-23.242258,,-30.334944,,2022-10-16T20:06:00.000+02:00,2022-10-16T20:07:00.000+02:00
0,-22.86868,,-29.655256,,2022-07-13T12:10:00.000+02:00,2022-07-13T12:11:00.000+02:00
0,-20.487288,,-28.98125,,2022-12-23T22:34:00.000+01:00,2022-12-23T22:35:00.000+01:00
0,-22.679758,,-29.77635,,2022-06-05T12:17:00.000+02:00,2022-06-05T12:18:00.000+02:00
0,-22.584587,,-29.695383,,2022-05-26T11:52:00.000+02:00,2022-05-26T11:53:00.000+02:00
1,-23.336365,,-30.005753,,2022-11-12T13:59:00.000+01:00,2022-11-12T14:00:00.000+01:00
0,-22.308666,,-29.362642,,2022-10-31T00:50:00.000+01:00,2022-10-31T00:51:00.000+01:00
0,-22.938992,,-30.03949,,2022-08-24T20:16:00.000+02:00,2022-08-24T20:17:00.000+02:00
1,-22.828196,,-29.249361,,2022-09-20T07:11:00.000+02:00,2022-09-20T07:12:00.000+02:00
0,-21.223083,,-29.13395,,2022-12-23T02:55:00.000+01:00,2022-12-23T02:56:00.000+01:00
0,-22.515697,,-29.582813,,2022-06-14T18:01:00.000+02:00,2022-06-14T18:02:00.000+02:00
0,-22.099857,,-29.329262,,2022-07-23T20:10:00.000+02:00,2022-07-23T20:11:00.000+02:00
0,-21.023865,,-29.366549,,2022-12-31T10:24:00.000+01:00,2022-12-31T10:25:00.000+01:00
0,-22.443607,,-29.49652,,2022-06-27T17:59:00.000+02:00,2022-06-27T18:00:00.000+02:00
0,-22.111221,,-29.289133,,2022-07-21T20:46:00.000+02:00,2022-07-21T20:47:00.000+02:00
0,-22.10625,,-29.237642,,2022-07-30T00:51:00.000+02:00,2022-07-30T00:52:00.000+02:00
0,-22.327486,,-29.499004,,2022-07-20T07:51:00.000+02:00,2022-07-20T07:52:00.000+02:00
0,-22.663069,,-29.801563,,2022-09-02T14:02:00.000+02:00,2022-09-02T14:03:00.000+02:00
0,-22.38395,,-29.443607,,2022-06-20T07:42:00.000+02:00,2022-06-20T07:43:00.000+02:00
0,-23.181534,,-30.069674,,2022-08-25T04:51:00.000+02:00,2022-08-25T04:52:00.000+02:00
0,-22.121164,,-29.139986,,2022-08-13T00:28:00.000+02:00,2022-08-13T00:29:00.000+02:00
0,-22.858736,,-30.228764,,2022-11-29T21:18:00.000+01:00,2022-11-29T21:19:00.000+01:00
0,-22.194674,,-29.273508,,2022-07-13T05:06:00.000+02:00,2022-07-13T05:07:00.000+02:00
1,-22.964678,,-29.17017,,2022-06-21T13:28:00.000+02:00,2022-06-21T13:29:00.000+02:00
0,-23.275284,,-30.426208,,2022-07-07T18:14:00.000+02:00,2022-07-07T18:15:00.000+02:00
0,-23.461365,,-29.797657,,2022-12-01T01:14:00.000+01:00,2022-12-01T01:15:00.000+01:00
0,-22.24368,,-29.27351,,2022-06-23T07:03:00.000+02:00,2022-06-23T07:04:00.000+02:00
0,-22.377558,,-29.35909,,2022-07-14T02:11:00.000+02:00,2022-07-14T02:12:00.000+02:00
0,-23.7973,,-30.412714,,2022-10-20T09:23:00.000+02:00,2022-10-20T09:24:00.000+02:00
0,-23.12507,,-30.479475,,2022-11-10T11:25:00.000+01:00,2022-11-10T11:26:00.000+01:00
0,-22.610157,,-29.812927,,2022-08-06T14:36:00.000+02:00,2022-08-06T14:37:00.000+02:00
0,-20.519602,,-29.12223,,2022-12-27T03:09:00.000+01:00,2022-12-27T03:10:00.000+01:00
1,-22.30618,,-29.397089,,2022-08-15T19:48:00.000+02:00,2022-08-15T19:49:00.000+02:00
0,-22.884659,,-29.86797,,2022-11-06T10:52:00.000+01:00,2022-11-06T10:53:00.000+01:00
0,-22.670881,,-29.676918,,2022-05-26T12:33:00.000+02:00,2022-05-26T12:34:00.000+02:00
0,-22.198225,,-29.19858,,2022-05-29T05:21:00.000+02:00,2022-05-29T05:22:00.000+02:00
0,-23.784163,,-30.75007,,2022-11-23T10:29:00.000+01:00,2022-11-23T10:30:00.000+01:00
0,-20.57571,,-29.130753,,2022-12-22T01:23:00.000+01:00,2022-12-22T01:24:00.000+01:00
0,-22.248652,,-28.982315,,2022-09-11T05:30:00.000+02:00,2022-09-11T05:31:00.000+02:00
0,-22.11797,,-29.347372,,2022-07-24T18:37:00.000+02:00,2022-07-24T18:38:00.000+02:00
0,-22.457813,,-29.580326,,2022-05-30T10:43:00.000+02:00,2022-05-30T10:44:00.000+02:00
0,-22.192188,,-29.195028,,2022-06-02T06:14:00.000+02:00,2022-06-02T06:15:00.000+02:00
0,-23.067188,,-29.449646,,2022-06-21T18:01:00.000+02:00,2022-06-21T18:02:00.000+02:00
1,-23.109446,,-28.382883,,2022-06-29T14:46:00.000+02:00,2022-06-29T14:47:00.000+02:00
0,-23.204262,,-30.196804,,2022-10-06T02:17:00.000+02:00,2022-10-06T02:18:00.000+02:00
0,-22.90277,,-29.987997,,2022-08-24T21:30:00.000+02:00,2022-08-24T21:31:00.000+02:00
0,-20.521023,,-29.122585,,2022-12-28T01:13:00.000+01:00,2022-12-28T01:14:00.000+01:00
0,-23.506107,,-30.605896,,2022-11-28T03:44:00.000+01:00,2022-11-28T03:45:00.000+01:00
0,-22.419815,,-29.679758,,2022-08-05T15:46:00.000+02:00,2022-08-05T15:47:00.000+02:00
0,-22.634659,,-29.737642,,2022-08-17T10:30:00.000+02:00,2022-08-17T10:31:00.000+02:00
0,-23.025284,,-29.953552,,2022-11-06T08:07:00.000+01:00,2022-11-06T08:08:00.000+01:00
0,-22.688637,,-29.566832,,2022-12-11T09:38:00.000+01:00,2022-12-11T09:39:00.000+01:00
0,-22.73196,,-29.74297,,2022-07-13T15:02:00.000+02:00,2022-07-13T15:03:00.000+02:00
0,-22.282742,,-29.257883,,2022-06-06T01:52:00.000+02:00,2022-06-06T01:53:00.000+02:00
0,-23.499716,,-30.471308,,2022-10-28T02:03:00.000+02:00,2022-10-28T02:04:00.000+02:00
0,-22.143892,,-29.087074,,2022-12-11T03:00:00.000+01:00,2022-12-11T03:01:00.000+01:00
0,-22.171236,,-29.18047,,2022-09-10T19:11:00.000+02:00,2022-09-10T19:12:00.000+02:00
0,-22.504688,,-29.474857,,2022-06-16T20:06:00.000+02:00,2022-06-16T20:07:00.000+02:00
0,-20.68615,,-29.087074,,2022-12-23T05:50:00.000+01:00,2022-12-23T05:51:00.000+01:00
0,-22.21456,,-29.263565,,2022-09-02T22:37:00.000+02:00,2022-09-02T22:38:00.000+02:00
1,-22.780611,,-28.657032,,2022-07-01T04:06:00.000+02:00,2022-07-01T04:07:00.000+02:00
0,-22.596308,,-29.713139,,2022-05-27T09:45:00.000+02:00,2022-05-27T09:46:00.000+02:00
0,-22.644602,,-28.951065,,2022-05-24T13:10:00.000+02:00,2022-05-24T13:11:00.000+02:00
0,-22.978764,,-29.800142,,2022-11-23T06:06:00.000+01:00,2022-11-23T06:07:00.000+01:00
0,-22.72983,,-29.761435,,2022-12-11T12:17:00.000+01:00,2022-12-11T12:18:00.000+01:00
0,-23.127913,,-29.914133,,2022-10-02T07:23:00.000+02:00,2022-10-02T07:24:00.000+02:00
0,-22.43047,,-29.492258,,2022-06-23T16:46:00.000+02:00,2022-06-23T16:47:00.000+02:00
0,-20.474503,,-29.004688,,2022-12-30T20:59:00.000+01:00,2022-12-30T21:00:00.000+01:00
0,-22.613352,,-29.828907,,2022-07-11T12:31:00.000+02:00,2022-07-11T12:32:00.000+02:00
0,-20.423367,,-28.929049,,2022-12-26T19:34:00.000+01:00,2022-12-26T19:35:00.000+01:00
0,-22.435795,,-29.469532,,2022-05-30T19:34:00.000+02:00,2022-05-30T19:35:00.000+02:00
0,-24.483381,,-31.255398,,2022-12-05T09:43:00.000+01:00,2022-12-05T09:44:00.000+01:00
0,-22.318607,,-29.333168,,2022-08-15T16:21:00.000+02:00,2022-08-15T16:22:00.000+02:00
0,-22.203907,,-29.223083,,2022-06-08T02:09:00.000+02:00,2022-06-08T02:10:00.000+02:00
0,-22.288069,,-29.253622,,2022-06-02T02:50:00.000+02:00,2022-06-02T02:51:00.000+02:00
0,-24.006817,,-30.88324,,2022-10-27T11:44:00.000+02:00,2022-10-27T11:45:00.000+02:00
0,-22.919815,,-30.253977,,2022-11-13T06:59:00.000+01:00,2022-11-13T07:00:00.000+01:00
0,-22.27351,,-29.253622,,2022-09-10T03:24:00.000+02:00,2022-09-10T03:25:00.000+02:00
0,-22.29446,,-29.288069,,2022-08-15T09:20:00.000+02:00,2022-08-15T09:21:00.000+02:00
0,-22.880753,,-28.702131,,2022-09-16T07:24:00.000+02:00,2022-09-16T07:25:00.000+02:00
0,-22.938637,,-30.269247,,2022-11-20T18:39:00.000+01:00,2022-11-20T18:40:00.000+01:00
0,-22.490837,,-29.298367,,2022-09-14T23:23:00.000+02:00,2022-09-14T23:24:00.000+02:00
0,-22.43615,,-29.460653,,2022-08-22T07:46:00.000+02:00,2022-08-22T07:47:00.000+02:00
1,-23.426208,,-29.62223,,2022-11-02T15:02:00.000+01:00,2022-11-02T15:03:00.000+01:00
0,-22.353764,,-29.230896,,2022-05-23T01:07:00.000+02:00,2022-05-23T01:08:00.000+02:00
0,-22.129688,,-29.358025,,2022-07-18T21:54:00.000+02:00,2022-07-18T21:55:00.000+02:00
0,-23.226278,,-30.058666,,2022-10-09T04:54:00.000+02:00,2022-10-09T04:55:00.000+02:00
0,-22.564701,,-29.57784,,2022-06-24T11:54:00.000+02:00,2022-06-24T11:55:00.000+02:00
1,-22.277771,,-29.283451,,2022-08-22T21:59:00.000+02:00,2022-08-22T22:00:00.000+02:00
0,-20.617258,,-29.127913,,2022-12-21T04:49:00.000+01:00,2022-12-21T04:50:00.000+01:00
0,-22.62507,,-29.986221,,2022-11-11T01:30:00.000+01:00,2022-11-11T01:31:00.000+01:00
0,-22.470596,,-29.283451,,2022-05-25T00:19:00.000+02:00,2022-05-25T00:20:00.000+02:00
0,-23.69858,,-30.474857,,2022-12-05T04:11:00.000+01:00,2022-12-05T04:12:00.000+01:00
0,-22.557955,,-29.332104,,2022-09-09T22:41:00.000+02:00,2022-09-09T22:42:00.000+02:00
0,-22.294815,,-29.480896,,2022-08-20T21:24:00.000+02:00,2022-08-20T21:25:00.000+02:00
0,-22.285229,,-29.334944,,2022-06-29T07:40:00.000+02:00,2022-06-29T07:41:00.000+02:00
0,-22.352345,,-29.32074,,2022-08-21T03:11:00.000+02:00,2022-08-21T03:12:00.000+02:00
0,-23.291264,,-30.21527,,2022-11-14T07:22:00.000+01:00,2022-11-14T07:23:00.000+01:00
0,-22.402771,,-29.585653,,2022-08-12T14:15:00.000+02:00,2022-08-12T14:16:00.000+02:00
0,-22.552628,,-29.432955,,2022-09-18T03:11:00.000+02:00,2022-09-18T03:12:00.000+02:00
0,-23.08956,,-29.86193,,2022-10-12T05:26:00.000+02:00,2022-10-12T05:27:00.000+02:00
0,-22.288778,,-29.357315,,2022-08-21T02:22:00.000+02:00,2022-08-21T02:23:00.000+02:00
0,-23.343466,,-30.27706,,2022-10-19T04:55:00.000+02:00,2022-10-19T04:56:00.000+02:00
0,-22.397799,,-29.56044,,2022-07-31T09:38:00.000+02:00,2022-07-31T09:39:00.000+02:00
0,-22.877201,,-29.724857,,2022-10-10T00:23:00.000+02:00,2022-10-10T00:24:00.000+02:00
0,-22.921236,,-29.225569,,2022-11-19T14:08:00.000+01:00,2022-11-19T14:09:00.000+01:00
1,-23.051563,,-29.749361,,2022-10-31T15:50:00.000+01:00,2022-10-31T15:51:00.000+01:00
0,-22.77493,,-29.698935,,2022-07-06T23:14:00.000+02:00,2022-07-06T23:15:00.000+02:00
0,-22.15632,,-29.219532,,2022-08-02T04:36:00.000+02:00,2022-08-02T04:37:00.000+02:00
0,-22.54943,,-29.609446,,2022-06-20T09:36:00.000+02:00,2022-06-20T09:37:00.000+02:00
1,-23.518892,,-28.960653,,2022-09-28T09:37:00.000+02:00,2022-09-28T09:38:00.000+02:00
0,-22.473793,,-29.435795,,2022-06-26T21:31:00.000+02:00,2022-06-26T21:32:00.000+02:00
0,-22.8424,,-30.313282,,2022-11-12T07:37:00.000+01:00,2022-11-12T07:38:00.000+01:00
0,-23.942898,,-30.454971,,2022-08-26T13:46:00.000+02:00,2022-08-26T13:47:00.000+02:00
0,-22.959232,,-29.842756,,2022-09-29T04:37:00.000+02:00,2022-09-29T04:38:00.000+02:00
0,-23.494389,,-30.352345,,2022-10-24T05:54:00.000+02:00,2022-10-24T05:55:00.000+02:00
0,-22.26392,,-29.306534,,2022-05-31T06:53:00.000+02:00,2022-05-31T06:54:00.000+02:00
0,-22.225924,,-29.25895,,2022-05-31T06:40:00.000+02:00,2022-05-31T06:41:00.000+02:00
0,-23.322159,,-30.29659,,2022-10-18T01:27:00.000+02:00,2022-10-18T01:28:00.000+02:00
0,-23.394602,,-31.00007,,2022-11-26T17:26:00.000+01:00,2022-11-26T17:27:00.000+01:00
0,-22.93615,,-29.996876,,2022-06-19T09:49:00.000+02:00,2022-06-19T09:50:00.000+02:00
0,-22.276705,,-29.271023,,2022-09-10T01:30:00.000+02:00,2022-09-10T01:31:00.000+02:00
0,-23.02706,,-30.105185,,2022-10-13T19:09:00.000+02:00,2022-10-13T19:10:00.000+02:00
0,-22.179403,,-29.04659,,2022-09-11T03:49:00.000+02:00,2022-09-11T03:50:00.000+02:00
1,-22.62152,,-28.828907,,2022-10-30T17:24:00.000+01:00,2022-10-30T17:25:00.000+01:00
0,-20.491549,,-29.026703,,2022-12-28T22:03:00.000+01:00,2022-12-28T22:04:00.000+01:00
0,-23.427628,,-30.151705,,2022-10-26T05:00:00.000+02:00,2022-10-26T05:01:00.000+02:00
0,-22.110867,,-29.21385,,2022-07-24T00:29:00.000+02:00,2022-07-24T00:30:00.000+02:00
0,-22.64034,,-30.093111,,2022-11-09T03:23:00.000+01:00,2022-11-09T03:24:00.000+01:00
0,-22.241903,,-29.224503,,2022-11-01T19:15:00.000+01:00,2022-11-01T19:16:00.000+01:00
0,-23.317188,,-30.298012,,2022-10-01T14:43:00.000+02:00,2022-10-01T14:44:00.000+02:00
0,-22.220596,,-29.514277,,2022-08-05T18:19:00.000+02:00,2022-08-05T18:20:00.000+02:00
0,-22.518892,,-29.578907,,2022-05-23T13:48:00.000+02:00,2022-05-23T13:49:00.000+02:00
0,-22.254333,,-29.29304,,2022-06-06T08:32:00.000+02:00,2022-06-06T08:33:00.000+02:00
0,-20.541973,,-29.005753,,2022-12-13T23:35:00.000+01:00,2022-12-13T23:36:00.000+01:00
0,-23.856606,,-30.71243,,2022-10-24T09:15:00.000+02:00,2022-10-24T09:16:00.000+02:00
0,-22.449291,,-29.3701,,2022-11-05T03:52:00.000+01:00,2022-11-05T03:53:00.000+01:00
0,-22.010014,,-29.298721,,2022-07-24T21:47:00.000+02:00,2022-07-24T21:48:00.000+02:00
0,-22.39034,,-29.308666,,2022-09-05T09:11:00.000+02:00,2022-09-05T09:12:00.000+02:00
0,-20.585299,,-29.15632,,2022-12-16T03:15:00.000+01:00,2022-12-16T03:16:00.000+01:00
0,-23.395668,,-30.620455,,2022-11-25T12:55:00.000+01:00,2022-11-25T12:56:00.000+01:00
0,-22.288069,,-29.470596,,2022-08-22T18:13:00.000+02:00,2022-08-22T18:14:00.000+02:00
0,-22.170527,,-29.323935,,2022-07-21T09:07:00.000+02:00,2022-07-21T09:08:00.000+02:00
0,-22.301208,,-28.554758,,2022-05-20T01:56:00.000+02:00,2022-05-20T01:57:00.000+02:00
0,-22.822159,,-30.22912,,2022-11-29T18:17:00.000+01:00,2022-11-29T18:18:00.000+01:00
0,-22.544815,,-29.658096,,2022-06-16T15:19:00.000+02:00,2022-06-16T15:20:00.000+02:00
0,-22.221306,,-29.452131,,2022-08-07T20:18:00.000+02:00,2022-08-07T20:19:00.000+02:00
0,-20.530611,,-29.030611,,2022-12-23T23:39:00.000+01:00,2022-12-23T23:40:00.000+01:00
0,-22.883595,,-29.68331,,2022-10-09T23:43:00.000+02:00,2022-10-09T23:44:00.000+02:00
0,-22.52848,,-29.663778,,2022-06-07T15:53:00.000+02:00,2022-06-07T15:54:00.000+02:00
1,-23.400993,,-29.35412,,2022-10-23T02:53:00.000+02:00,2022-10-23T02:54:00.000+02:00
0,-22.121164,,-29.040554,,2022-12-10T02:45:00.000+01:00,2022-12-10T02:46:00.000+01:00
0,-22.487642,,-29.351633,,2022-09-01T08:18:00.000+02:00,2022-09-01T08:19:00.000+02:00
0,-22.473793,,-29.693607,,2022-07-10T18:24:00.000+02:00,2022-07-10T18:25:00.000+02:00
0,-22.139986,,-29.001846,,2022-12-09T23:26:00.000+01:00,2022-12-09T23:27:00.000+01:00
0,-22.07145,,-29.08885,,2022-08-13T06:17:00.000+02:00,2022-08-13T06:18:00.000+02:00
0,-23.05973,,-29.829617,,2022-09-24T10:07:00.000+02:00,2022-09-24T10:08:00.000+02:00
0,-20.385014,,-28.999716,,2022-12-31T20:58:00.000+01:00,2022-12-31T20:59:00.000+01:00
0,-22.501492,,-29.306889,,2022-12-09T08:03:00.000+01:00,2022-12-09T08:04:00.000+01:00
0,-22.317898,,-29.438992,,2022-06-07T08:07:00.000+02:00,2022-06-07T08:08:00.000+02:00
0,-22.412712,,-29.157742,,2022-08-28T11:43:00.000+02:00,2022-08-28T11:44:00.000+02:00
0,-22.716335,,-30.188282,,2022-11-13T03:05:00.000+01:00,2022-11-13T03:06:00.000+01:00
0,-23.2174,,-30.035938,,2022-09-27T12:31:00.000+02:00,2022-09-27T12:32:00.000+02:00
1,-23.055115,,-30.313282,,2022-11-12T14:54:00.000+01:00,2022-11-12T14:55:00.000+01:00
0,-22.491194,,-29.296236,,2022-09-14T23:28:00.000+02:00,2022-09-14T23:29:00.000+02:00
0,-22.1652,,-29.081036,,2022-08-15T06:28:00.000+02:00,2022-08-15T06:29:00.000+02:00
0,-23.40135,,-30.519604,,2022-10-16T16:33:00.000+02:00,2022-10-16T16:34:00.000+02:00
0,-22.371521,,-29.47983,,2022-06-25T17:37:00.000+02:00,2022-06-25T17:38:00.000+02:00
0,-22.283451,,-29.18757,,2022-06-24T07:51:00.000+02:00,2022-06-24T07:52:00.000+02:00
0,-22.290909,,-29.160227,,2022-09-14T03:37:00.000+02:00,2022-09-14T03:38:00.000+02:00
0,-22.835299,,-29.964916,,2022-09-07T12:30:00.000+02:00,2022-09-07T12:31:00.000+02:00
0,-23.098793,,-30.7973,,2022-11-14T12:07:00.000+01:00,2022-11-14T12:08:00.000+01:00
1,-22.355896,,-29.249004,,2022-07-27T10:36:00.000+02:00,2022-07-27T10:37:00.000+02:00
0,-20.490839,,-28.936861,,2022-12-27T18:38:00.000+01:00,2022-12-27T18:39:00.000+01:00
1,-23.7902,,-30.403126,,2022-10-16T11:56:00.000+02:00,2022-10-16T11:57:00.000+02:00
0,-23.701065,,-30.836363,,2022-12-02T09:07:00.000+01:00,2022-12-02T09:08:00.000+01:00
0,-22.397442,,-29.550142,,2022-07-20T15:57:00.000+02:00,2022-07-20T15:58:00.000+02:00
0,-22.462784,,-29.564346,,2022-06-06T14:36:00.000+02:00,2022-06-06T14:37:00.000+02:00
0,-22.153126,,-29.286648,,2022-08-08T02:52:00.000+02:00,2022-08-08T02:53:00.000+02:00
0,-22.350214,,-29.20568,,2022-12-12T07:12:00.000+01:00,2022-12-12T07:13:00.000+01:00
0,-20.540909,,-29.142471,,2022-12-30T01:55:00.000+01:00,2022-12-30T01:56:00.000+01:00
1,-23.053694,,-29.272799,,2022-06-21T20:11:00.000+02:00,2022-06-21T20:12:00.000+02:00
0,-22.238352,,-28.988352,,2022-12-09T05:34:00.000+01:00,2022-12-09T05:35:00.000+01:00
0,-23.369034,,-30.111576,,2022-10-17T04:18:00.000+02:00,2022-10-17T04:19:00.000+02:00
0,,,,,2022-05-20T22:59:00.000+02:00,2022-05-20T23:00:00.000+02:00
0,-22.773863,,-29.822514,,2022-11-16T12:34:00.000+01:00,2022-11-16T12:35:00.000+01:00
0,-22.563637,,-29.565767,,2022-09-03T10:34:00.000+02:00,2022-09-03T10:35:00.000+02:00
0,-22.95071,,-30.222727,,2022-11-21T19:48:00.000+01:00,2022-11-21T19:49:00.000+01:00
0,-23.674076,,-30.461365,,2022-10-15T08:45:00.000+02:00,2022-10-15T08:46:00.000+02:00
0,-20.908096,,-29.157387,,2022-12-13T15:06:00.000+01:00,2022-12-13T15:07:00.000+01:00
1,-23.208878,,-30.135725,,2022-07-05T12:58:00.000+02:00,2022-07-05T12:59:00.000+02:00
0,-22.645313,,-29.488708,,2022-09-20T00:45:00.000+02:00,2022-09-20T00:46:00.000+02:00
0,-22.469887,,-29.505753,,2022-07-04T22:59:00.000+02:00,2022-07-04T23:00:00.000+02:00
0,-22.165909,,-29.159872,,2022-09-06T04:57:00.000+02:00,2022-09-06T04:58:00.000+02:00
0,-22.563992,,-29.444319,,2022-06-25T12:48:00.000+02:00,2022-06-25T12:49:00.000+02:00
0,-23.316122,,-30.145668,,2022-10-16T05:39:00.000+02:00,2022-10-16T05:40:00.000+02:00
0,-22.099857,,-29.226635,,2022-07-20T02:16:00.000+02:00,2022-07-20T02:17:00.000+02:00
0,-23.333878,,-30.023508,,2022-10-01T09:45:00.000+02:00,2022-10-01T09:46:00.000+02:00
0,-23.361576,,-30.384659,,2022-10-17T21:50:00.000+02:00,2022-10-17T21:51:00.000+02:00
0,-23.290554,,-30.233381,,2022-10-16T03:19:00.000+02:00,2022-10-16T03:20:00.000+02:00
0,-22.415554,,-29.283096,,2022-06-05T00:55:00.000+02:00,2022-06-05T00:56:00.000+02:00
0,-20.572514,,-29.113354,,2022-12-20T02:34:00.000+01:00,2022-12-20T02:35:00.000+01:00
0,-22.160582,,-29.287712,,2022-08-06T00:54:00.000+02:00,2022-08-06T00:55:00.000+02:00
0,-23.463139,,-31.04375,,2022-11-30T15:11:00.000+01:00,2022-11-30T15:12:00.000+01:00
0,-22.158451,,-29.323935,,2022-08-05T23:00:00.000+02:00,2022-08-05T23:01:00.000+02:00
0,-22.529545,,-29.710299,,2022-06-07T09:29:00.000+02:00,2022-06-07T09:30:00.000+02:00
0,-22.469887,,-29.646023,,2022-07-11T09:52:00.000+02:00,2022-07-11T09:53:00.000+02:00
0,-23.160583,,-29.315767,,2022-06-21T15:53:00.000+02:00,2022-06-21T15:54:00.000+02:00
0,-22.15419,,-29.274574,,2022-12-08T18:39:00.000+01:00,2022-12-08T18:40:00.000+01:00
0,-22.215626,,-29.361221,,2022-08-29T21:02:00.000+02:00,2022-08-29T21:03:00.000+02:00
0,-22.912712,,-30.238708,,2022-11-20T20:24:00.000+01:00,2022-11-20T20:25:00.000+01:00
0,-22.549788,,-29.664845,,2022-09-09T14:28:00.000+02:00,2022-09-09T14:29:00.000+02:00
0,-23.064701,,-30.780966,,2022-12-07T13:21:00.000+01:00,2022-12-07T13:22:00.000+01:00
0,-22.441122,,-29.445383,,2022-05-26T18:52:00.000+02:00,2022-05-26T18:53:00.000+02:00
0,-23.302982,,-30.226988,,2022-11-24T05:35:00.000+01:00,2022-11-24T05:36:00.000+01:00
0,-23.300852,,-30.507174,,2022-11-02T12:53:00.000+01:00,2022-11-02T12:54:00.000+01:00
0,-22.45355,,-29.438282,,2022-09-12T16:25:00.000+02:00,2022-09-12T16:26:00.000+02:00
0,-22.288778,,-29.197514,,2022-05-26T05:46:00.000+02:00,2022-05-26T05:47:00.000+02:00
0,-22.756107,,-30.13395,,2022-11-13T04:49:00.000+01:00,2022-11-13T04:50:00.000+01:00
0,-22.3875,,-29.503977,,2022-06-12T09:33:00.000+02:00,2022-06-12T09:34:00.000+02:00
0,-22.967045,,-30.365839,,2022-11-20T17:24:00.000+01:00,2022-11-20T17:25:00.000+01:00
0,-23.519247,,-30.504688,,2022-10-03T13:59:00.000+02:00,2022-10-03T14:00:00.000+02:00
0,-22.333878,,-29.581036,,2022-11-15T16:46:00.000+01:00,2022-11-15T16:47:00.000+01:00
0,-23.052982,,-30.05618,,2022-11-13T23:42:00.000+01:00,2022-11-13T23:43:00.000+01:00
0,-22.414133,,-29.340624,,2022-06-14T00:15:00.000+02:00,2022-06-14T00:16:00.000+02:00
0,-22.243324,,-29.203905,,2022-05-31T06:19:00.000+02:00,2022-05-31T06:20:00.000+02:00
0,-23.200356,,-30.10483,,2022-09-09T00:10:00.000+02:00,2022-09-09T00:11:00.000+02:00
0,-22.657032,,-29.550852,,2022-09-21T01:23:00.000+02:00,2022-09-21T01:24:00.000+02:00
0,-22.544815,,-29.711008,,2022-09-02T15:42:00.000+02:00,2022-09-02T15:43:00.000+02:00
1,-25.735512,,-25.863352,,2022-06-16T00:42:00.000+02:00,2022-06-16T00:43:00.000+02:00
0,-23.6201,,-30.453907,,2022-10-15T07:30:00.000+02:00,2022-10-15T07:31:00.000+02:00
0,-20.532032,,-29.146378,,2022-12-28T02:47:00.000+01:00,2022-12-28T02:48:00.000+01:00
0,-23.235512,,-30.710299,,2022-12-01T18:41:00.000+01:00,2022-12-01T18:42:00.000+01:00
0,-22.506462,,-29.63608,,2022-07-21T13:30:00.000+02:00,2022-07-21T13:31:00.000+02:00
0,-22.441832,,-29.581036,,2022-07-06T07:25:00.000+02:00,2022-07-06T07:26:00.000+02:00
0,-23.795525,,-30.879688,,2022-11-26T11:58:00.000+01:00,2022-11-26T11:59:00.000+01:00
0,-23.48125,,-30.256462,,2022-12-04T02:39:00.000+01:00,2022-12-04T02:40:00.000+01:00
0,-22.756819,,-29.912003,,2022-11-05T14:54:00.000+01:00,2022-11-05T14:55:00.000+01:00
0,-20.77706,,-29.142117,,2022-12-16T07:07:00.000+01:00,2022-12-16T07:08:00.000+01:00
0,-23.050142,,-30.354475,,2022-11-21T17:13:00.000+01:00,2022-11-21T17:14:00.000+01:00
0,-22.484802,,-29.598438,,2022-06-07T15:13:00.000+02:00,2022-06-07T15:14:00.000+02:00
0,-22.120455,,-29.095596,,2022-08-14T04:55:00.000+02:00,2022-08-14T04:56:00.000+02:00
0,-22.741903,,-29.853409,,2022-07-06T19:21:00.000+02:00,2022-07-06T19:22:00.000+02:00
1,-22.61193,,-29.617615,,2022-11-10T04:27:00.000+01:00,2022-11-10T04:28:00.000+01:00
0,-23.233736,,-30.11193,,2022-10-05T06:06:00.000+02:00,2022-10-05T06:07:00.000+02:00
0,-22.62294,,-29.749006,,2022-11-17T20:51:00.000+01:00,2022-11-17T20:52:00.000+01:00
0,-23.219887,,-30.125427,,2022-11-15T10:18:00.000+01:00,2022-11-15T10:19:00.000+01:00
0,-20.608381,,-29.150993,,2022-12-17T01:46:00.000+01:00,2022-12-17T01:47:00.000+01:00
0,-23.720596,,-30.214205,,2022-08-26T23:35:00.000+02:00,2022-08-26T23:36:00.000+02:00
1,-22.770668,,-29.775639,,2022-11-22T18:57:00.000+01:00,2022-11-22T18:58:00.000+01:00
0,-22.939701,,-29.87365,,2022-11-04T08:22:00.000+01:00,2022-11-04T08:23:00.000+01:00
0,-22.46243,,-29.630398,,2022-07-19T16:04:00.000+02:00,2022-07-19T16:05:00.000+02:00
0,-22.624361,,-29.77422,,2022-06-08T13:05:00.000+02:00,2022-06-08T13:06:00.000+02:00
0,-23.669106,,-30.79233,,2022-11-22T12:52:00.000+01:00,2022-11-22T12:53:00.000+01:00
0,-23.073935,,-29.991192,,2022-10-12T22:17:00.000+02:00,2022-10-12T22:18:00.000+02:00
0,-22.091335,,-29.190413,,2022-07-28T06:12:00.000+02:00,2022-07-28T06:13:00.000+02:00
1,-24.456747,,-26.847017,,2022-06-25T01:56:00.000+02:00,2022-06-25T01:57:00.000+02:00
0,-20.57642,,-28.987997,,2022-12-19T23:15:00.000+01:00,2022-12-19T23:16:00.000+01:00
0,-20.534517,,-28.974148,,2022-12-12T21:22:00.000+01:00,2022-12-12T21:23:00.000+01:00
0,-22.771732,,-29.568253,,2022-09-14T09:54:00.000+02:00,2022-09-14T09:55:00.000+02:00
0,-22.391407,,-29.449646,,2022-06-01T18:54:00.000+02:00,2022-06-01T18:55:00.000+02:00
0,-23.840626,,-30.725924,,2022-12-05T21:23:00.000+01:00,2022-12-05T21:24:00.000+01:00
0,-22.441122,,-29.478764,,2022-06-23T17:14:00.000+02:00,2022-06-23T17:15:00.000+02:00
0,-22.734446,,-29.370455,,2022-11-03T02:14:00.000+01:00,2022-11-03T02:15:00.000+01:00
0,-20.719532,,-29.124006,,2022-12-16T06:27:00.000+01:00,2022-12-16T06:28:00.000+01:00
1,-22.581747,,-29.226278,,2022-07-17T03:59:00.000+02:00,2022-07-17T04:00:00.000+02:00
0,-22.915554,,-29.990128,,2022-11-16T11:22:00.000+01:00,2022-11-16T11:23:00.000+01:00
0,-20.564346,,-29.146732,,2022-12-15T02:27:00.000+01:00,2022-12-15T02:28:00.000+01:00
0,-23.346308,,-30.918396,,2022-11-26T18:48:00.000+01:00,2022-11-26T18:49:00.000+01:00
0,-22.740482,,-29.891052,,2022-06-10T11:03:00.000+02:00,2022-06-10T11:04:00.000+02:00
0,-20.509304,,-28.969175,,2022-12-27T17:40:00.000+01:00,2022-12-27T17:41:00.000+01:00
0,-22.41946,,-29.563282,,2022-08-05T10:11:00.000+02:00,2022-08-05T10:12:00.000+02:00
0,-22.680824,,-28.433666,,2022-06-22T01:49:00.000+02:00,2022-06-22T01:50:00.000+02:00
0,-22.777771,,-29.332457,,2022-11-03T01:37:00.000+01:00,2022-11-03T01:38:00.000+01:00
0,-22.301918,,-29.4951,,2022-08-03T16:09:00.000+02:00,2022-08-03T16:10:00.000+02:00
0,-22.540909,,-29.537712,,2022-08-30T08:28:00.000+02:00,2022-08-30T08:29:00.000+02:00
0,-22.649574,,-29.78949,,2022-06-14T13:13:00.000+02:00,2022-06-14T13:14:00.000+02:00
1,-22.4152,,-29.213139,,2022-06-03T00:29:00.000+02:00,2022-06-03T00:30:00.000+02:00
0,-22.521732,,-29.595242,,2022-06-22T17:17:00.000+02:00,2022-06-22T17:18:00.000+02:00
0,-22.88324,,-29.877913,,2022-09-23T15:34:00.000+02:00,2022-09-23T15:35:00.000+02:00
0,-22.197159,,-29.175854,,2022-12-08T21:44:00.000+01:00,2022-12-08T21:45:00.000+01:00
0,-22.18757,,-29.185795,,2022-07-19T04:17:00.000+02:00,2022-07-19T04:18:00.000+02:00
0,,,,,2022-05-27T23:46:00.000+02:00,2022-05-27T23:47:00.000+02:00
0,-22.581747,,-29.461365,,2022-06-15T19:32:00.000+02:00,2022-06-15T19:33:00.000+02:00
0,-22.63892,,-29.777414,,2022-05-17T12:55:00.000+02:00,2022-05-17T12:56:00.000+02:00
1,-23.55831,,-28.924788,,2022-09-28T09:33:00.000+02:00,2022-09-28T09:34:00.000+02:00
1,-22.380043,,-29.069317,,2022-06-25T07:54:00.000+02:00,2022-06-25T07:55:00.000+02:00
0,-23.032742,,-30.207102,,2022-11-17T14:23:00.000+01:00,2022-11-17T14:24:00.000+01:00
0,-22.53949,,-29.612642,,2022-06-16T16:10:00.000+02:00,2022-06-16T16:11:00.000+02:00
0,-22.679049,,-29.93331,,2022-08-06T12:17:00.000+02:00,2022-08-06T12:18:00.000+02:00
0,-22.10483,,-29.194674,,2022-07-20T03:07:00.000+02:00,2022-07-20T03:08:00.000+02:00
0,-23.250427,,-30.252201,,2022-11-24T04:25:00.000+01:00,2022-11-24T04:26:00.000+01:00
0,-23.12223,,-29.93402,,2022-10-03T06:45:00.000+02:00,2022-10-03T06:46:00.000+02:00
0,-22.113354,,-29.385725,,2022-07-23T18:20:00.000+02:00,2022-07-23T18:21:00.000+02:00
0,-22.159163,,-29.362642,,2022-09-02T19:39:00.000+02:00,2022-09-02T19:40:00.000+02:00
0,-22.260368,,-29.427273,,2022-07-18T19:19:00.000+02:00,2022-07-18T19:20:00.000+02:00
0,-22.412357,,-29.450356,,2022-07-15T01:15:00.000+02:00,2022-07-15T01:16:00.000+02:00
0,-22.244743,,-29.37223,,2022-07-26T17:27:00.000+02:00,2022-07-26T17:28:00.000+02:00
1,-22.395313,,-29.410227,,2022-05-18T20:32:00.000+02:00,2022-05-18T20:33:00.000+02:00
0,-22.50895,,-29.52493,,2022-07-11T23:42:00.000+02:00,2022-07-11T23:43:00.000+02:00
0,-22.48267,,-29.450356,,2022-06-15T18:29:00.000+02:00,2022-06-15T18:30:00.000+02:00
0,-23.2451,,-30.10199,,2022-10-07T23:06:00.000+02:00,2022-10-07T23:07:00.000+02:00
0,-20.389986,,-28.941832,,2022-12-21T20:31:00.000+01:00,2022-12-21T20:32:00.000+01:00
0,-22.272087,,-29.333523,,2022-11-01T21:20:00.000+01:00,2022-11-01T21:21:00.000+01:00
0,-23.414845,,-30.594532,,2022-11-26T02:32:00.000+01:00,2022-11-26T02:33:00.000+01:00
0,-23.15206,,-30.18473,,2022-07-08T06:30:00.000+02:00,2022-07-08T06:31:00.000+02:00
0,-22.789133,,-29.644958,,2022-09-26T23:59:00.000+02:00,2022-09-27T00:00:00.000+02:00
0,-22.564346,,-29.728764,,2022-06-08T14:20:00.000+02:00,2022-06-08T14:21:00.000+02:00
0,-22.438282,,-29.411648,,2022-05-27T19:50:00.000+02:00,2022-05-27T19:51:00.000+02:00
0,-22.303337,,-29.369389,,2022-10-31T00:56:00.000+01:00,2022-10-31T00:57:00.000+01:00
1,-22.419815,,-29.23054,,2022-06-29T03:49:00.000+02:00,2022-06-29T03:50:00.000+02:00
0,-22.158451,,-29.402771,,2022-08-04T21:46:00.000+02:00,2022-08-04T21:47:00.000+02:00
0,-23.634304,,-30.432955,,2022-10-15T08:18:00.000+02:00,2022-10-15T08:19:00.000+02:00
0,-22.37081,,-29.397444,,2022-09-14T20:50:00.000+02:00,2022-09-14T20:51:00.000+02:00
0,-22.453907,,-29.520668,,2022-07-12T01:36:00.000+02:00,2022-07-12T01:37:00.000+02:00
0,-22.648153,,-29.541264,,2022-09-12T13:53:00.000+02:00,2022-09-12T13:54:00.000+02:00
0,-22.208168,,-29.13821,,2022-09-04T06:29:00.000+02:00,2022-09-04T06:30:00.000+02:00
0,-22.438637,,-29.52635,,2022-05-30T07:49:00.000+02:00,2022-05-30T07:50:00.000+02:00
0,-22.514275,,-29.523153,,2022-11-04T03:33:00.000+01:00,2022-11-04T03:34:00.000+01:00
0,-22.855541,,-29.895668,,2022-12-09T12:30:00.000+01:00,2022-12-09T12:31:00.000+01:00
0,-22.613352,,-29.567898,,2022-11-14T23:46:00.000+01:00,2022-11-14T23:47:00.000+01:00
0,-23.10838,,-29.923012,,2022-08-26T06:42:00.000+02:00,2022-08-26T06:43:00.000+02:00
0,-22.411293,,-29.335299,,2022-06-12T23:26:00.000+02:00,2022-06-12T23:27:00.000+02:00
0,-22.527771,,-29.43331,,2022-09-18T03:38:00.000+02:00,2022-09-18T03:39:00.000+02:00
0,-23.417685,,-30.780966,,2022-11-27T02:08:00.000+01:00,2022-11-27T02:09:00.000+01:00
0,-22.084232,,-29.177628,,2022-08-11T23:31:00.000+02:00,2022-08-11T23:32:00.000+02:00
0,-24.039135,,-31.215626,,2022-11-23T11:37:00.000+01:00,2022-11-23T11:38:00.000+01:00
1,-23.510014,,-29.991903,,2022-08-24T00:30:00.000+02:00,2022-08-24T00:31:00.000+02:00
0,-22.963495,,-30.111221,,2022-07-05T19:03:00.000+02:00,2022-07-05T19:04:00.000+02:00
0,-23.213139,,-30.225569,,2022-10-06T18:58:00.000+02:00,2022-10-06T18:59:00.000+02:00
0,-22.103764,,-29.163778,,2022-08-12T07:30:00.000+02:00,2022-08-12T07:31:00.000+02:00
0,-20.756107,,-29.063992,,2022-12-23T07:18:00.000+01:00,2022-12-23T07:19:00.000+01:00
0,-22.54304,,-30.211008,,2022-11-09T18:46:00.000+01:00,2022-11-09T18:47:00.000+01:00
0,-22.286293,,-29.236576,,2022-06-24T06:33:00.000+02:00,2022-06-24T06:34:00.000+02:00
0,-23.3875,,-30.47983,,2022-11-28T22:55:00.000+01:00,2022-11-28T22:56:00.000+01:00
0,-23.230185,,-30.755043,,2022-11-09T12:36:00.000+01:00,2022-11-09T12:37:00.000+01:00
0,-23.631107,,-30.46598,,2022-08-25T09:12:00.000+02:00,2022-08-25T09:13:00.000+02:00
0,-22.236576,,-29.2277,,2022-06-13T03:32:00.000+02:00,2022-06-13T03:33:00.000+02:00
0,-22.306889,,-29.223083,,2022-05-28T03:33:00.000+02:00,2022-05-28T03:34:00.000+02:00
0,-22.025284,,-29.166975,,2022-08-11T01:26:00.000+02:00,2022-08-11T01:27:00.000+02:00
0,-22.4777,,-29.419106,,2022-08-31T12:39:00.000+02:00,2022-08-31T12:40:00.000+02:00
0,-23.114418,,-30.205326,,2022-10-04T20:12:00.000+02:00,2022-10-04T20:13:00.000+02:00
0,-22.740837,,-29.900284,,2022-07-08T21:10:00.000+02:00,2022-07-08T21:11:00.000+02:00
0,-22.716335,,-30.150639,,2022-11-29T16:37:00.000+01:00,2022-11-29T16:38:00.000+01:00
0,-23.09098,,-30.048012,,2022-10-13T21:57:00.000+02:00,2022-10-13T21:58:00.000+02:00
0,-22.635014,,-29.396732,,2022-09-14T08:14:00.000+02:00,2022-09-14T08:15:00.000+02:00
0,-22.599503,,-29.495455,,2022-06-25T13:23:00.000+02:00,2022-06-25T13:24:00.000+02:00
0,-20.38324,,-29.015696,,2022-12-31T21:22:00.000+01:00,2022-12-31T21:23:00.000+01:00
0,-22.965626,,-29.976988,,2022-10-02T20:28:00.000+02:00,2022-10-02T20:29:00.000+02:00
0,-20.532387,,-29.149574,,2022-12-31T01:37:00.000+01:00,2022-12-31T01:38:00.000+01:00
0,-20.731606,,-29.131819,,2022-12-13T06:06:00.000+01:00,2022-12-13T06:07:00.000+01:00
0,-23.093822,,-29.983025,,2022-08-25T00:32:00.000+02:00,2022-08-25T00:33:00.000+02:00
0,-22.73693,,-29.744034,,2022-06-18T19:56:00.000+02:00,2022-06-18T19:57:00.000+02:00
0,-22.682243,,-29.599503,,2022-09-26T01:38:00.000+02:00,2022-09-26T01:39:00.000+02:00
0,-22.158096,,-29.082813,,2022-08-15T06:22:00.000+02:00,2022-08-15T06:23:00.000+02:00
0,-22.527771,,-29.521023,,2022-11-04T03:49:00.000+01:00,2022-11-04T03:50:00.000+01:00
0,-22.38679,,-29.415909,,2022-09-17T20:28:00.000+02:00,2022-09-17T20:29:00.000+02:00
0,-20.488708,,-29.040554,,2022-12-31T18:11:00.000+01:00,2022-12-31T18:12:00.000+01:00
1,-22.551918,,-28.943962,,2022-06-26T09:58:00.000+02:00,2022-06-26T09:59:00.000+02:00
1,-22.344887,,-29.019602,,2022-08-16T07:06:00.000+02:00,2022-08-16T07:07:00.000+02:00
0,-22.575356,,-29.331392,,2022-09-14T07:50:00.000+02:00,2022-09-14T07:51:00.000+02:00
0,-23.065413,,-29.905256,,2022-08-26T03:18:00.000+02:00,2022-08-26T03:19:00.000+02:00
0,-22.113708,,-29.241194,,2022-08-06T07:01:00.000+02:00,2022-08-06T07:02:00.000+02:00
0,-23.986576,,-30.947868,,2022-10-24T11:05:00.000+02:00,2022-10-24T11:06:00.000+02:00
0,-22.469532,,-29.690056,,2022-08-04T14:35:00.000+02:00,2022-08-04T14:36:00.000+02:00
0,-22.710653,,-29.501846,,2022-09-21T06:42:00.000+02:00,2022-09-21T06:43:00.000+02:00
0,-22.700356,,-29.496164,,2022-09-13T11:23:00.000+02:00,2022-09-13T11:24:00.000+02:00
1,-22.773153,,-30.002201,,2022-11-06T23:32:00.000+01:00,2022-11-06T23:33:00.000+01:00
0,-22.4152,,-29.18544,,2022-09-12T07:48:00.000+02:00,2022-09-12T07:49:00.000+02:00
0,-22.50291,,-29.5402,,2022-06-26T17:34:00.000+02:00,2022-06-26T17:35:00.000+02:00
0,-22.644604,,-29.850924,,2022-05-17T12:35:00.000+02:00,2022-05-17T12:36:00.000+02:00
0,-22.233381,,-29.334944,,2022-07-31T00:52:00.000+02:00,2022-07-31T00:53:00.000+02:00
0,-22.189701,,-29.266052,,2022-08-17T22:51:00.000+02:00,2022-08-17T22:52:00.000+02:00
0,-23.907032,,-30.679758,,2022-12-07T02:35:00.000+01:00,2022-12-07T02:36:00.000+01:00
0,-22.160227,,-29.407387,,2022-08-05T21:45:00.000+02:00,2022-08-05T21:46:00.000+02:00
0,-22.279902,,-29.223082,,2022-05-31T04:14:00.000+02:00,2022-05-31T04:15:00.000+02:00
0,-23.009304,,-30.148865,,2022-11-20T22:59:00.000+01:00,2022-11-20T23:00:00.000+01:00
0,-22.191479,,-29.203552,,2022-06-13T04:27:00.000+02:00,2022-06-13T04:28:00.000+02:00
0,-22.423721,,-29.431889,,2022-05-23T18:26:00.000+02:00,2022-05-23T18:27:00.000+02:00
0,-22.307245,,-29.332458,,2022-08-13T09:33:00.000+02:00,2022-08-13T09:34:00.000+02:00
0,-22.141762,,-29.288424,,2022-07-31T05:01:00.000+02:00,2022-07-31T05:02:00.000+02:00
0,-23.961008,,-30.517117,,2022-12-06T06:24:00.000+01:00,2022-12-06T06:25:00.000+01:00
0,-22.484802,,-29.467045,,2022-06-19T22:08:00.000+02:00,2022-06-19T22:09:00.000+02:00
0,-23.083523,,-29.79517,,2022-10-14T05:37:00.000+02:00,2022-10-14T05:38:00.000+02:00
0,-22.480894,,-29.287357,,2022-09-14T23:44:00.000+02:00,2022-09-14T23:45:00.000+02:00
0,-23.771732,,-30.652771,,2022-10-27T07:17:00.000+02:00,2022-10-27T07:18:00.000+02:00
0,-22.298012,,-29.321093,,2022-08-01T16:57:00.000+02:00,2022-08-01T16:58:00.000+02:00
0,-22.586008,,-30.041264,,2022-11-10T00:53:00.000+01:00,2022-11-10T00:54:00.000+01:00
0,-23.041975,,-29.552982,,2022-09-17T09:41:00.000+02:00,2022-09-17T09:42:00.000+02:00
0,-22.770668,,-29.552273,,2022-09-14T12:11:00.000+02:00,2022-09-14T12:12:00.000+02:00
0,-20.469887,,-28.922657,,2022-12-22T20:38:00.000+01:00,2022-12-22T20:39:00.000+01:00
0,-22.300497,,-29.470242,,2022-07-21T08:09:00.000+02:00,2022-07-21T08:10:00.000+02:00
0,-22.033451,,-29.16804,,2022-07-29T05:03:00.000+02:00,2022-07-29T05:04:00.000+02:00
0,-22.9777,,-29.91449,,2022-10-03T00:40:00.000+02:00,2022-10-03T00:41:00.000+02:00
0,-23.072159,,-29.977345,,2022-10-13T00:17:00.000+02:00,2022-10-13T00:18:00.000+02:00
0,-23.359446,,-30.278126,,2022-10-19T05:08:00.000+02:00,2022-10-19T05:09:00.000+02:00
0,-23.08068,,-30.254688,,2022-11-19T16:06:00.000+01:00,2022-11-19T16:07:00.000+01:00
0,-23.73054,,-30.858736,,2022-10-23T15:17:00.000+02:00,2022-10-23T15:18:00.000+02:00
0,-22.556889,,-29.437216,,2022-09-19T03:04:00.000+02:00,2022-09-19T03:05:00.000+02:00
0,-22.2902,,-29.436504,,2022-11-16T21:12:00.000+01:00,2022-11-16T21:13:00.000+01:00
0,-23.277414,,-30.419106,,2022-07-07T18:11:00.000+02:00,2022-07-07T18:12:00.000+02:00
0,-23.06044,,-29.912003,,2022-10-11T23:12:00.000+02:00,2022-10-11T23:13:00.000+02:00
0,-22.04659,,-29.174433,,2022-08-09T06:27:00.000+02:00,2022-08-09T06:28:00.000+02:00
0,-23.046236,,-29.775284,,2022-10-01T05:17:00.000+02:00,2022-10-01T05:18:00.000+02:00
0,-22.291975,,-29.316122,,2022-07-27T17:34:00.000+02:00,2022-07-27T17:35:00.000+02:00
0,-23.305113,,-30.065767,,2022-10-06T05:19:00.000+02:00,2022-10-06T05:20:00.000+02:00
1,-22.974148,,-29.673012,,2022-07-08T10:03:00.000+02:00,2022-07-08T10:04:00.000+02:00
0,-22.437925,,-29.365482,,2022-06-13T23:27:00.000+02:00,2022-06-13T23:28:00.000+02:00
0,-22.147087,,-29.009659,,2022-12-10T03:37:00.000+01:00,2022-12-10T03:38:00.000+01:00
0,-22.24581,,-29.287357,,2022-09-12T19:26:00.000+02:00,2022-09-12T19:27:00.000+02:00
1,-22.315056,,-29.065767,,2022-08-16T06:58:00.000+02:00,2022-08-16T06:59:00.000+02:00
0,-22.58672,,-29.585653,,2022-08-20T10:01:00.000+02:00,2022-08-20T10:02:00.000+02:00
0,-22.143538,,-29.10199,,2022-12-11T01:37:00.000+01:00,2022-12-11T01:38:00.000+01:00
0,-24.404545,,-31.260723,,2022-12-05T09:28:00.000+01:00,2022-12-05T09:29:00.000+01:00
0,,,,,2022-06-02T09:25:00.000+02:00,2022-06-02T09:26:00.000+02:00
0,-22.114773,,-29.217756,,2022-07-22T23:22:00.000+02:00,2022-07-22T23:23:00.000+02:00
1,-22.658806,,-29.410938,,2022-07-01T10:44:00.000+02:00,2022-07-01T10:45:00.000+02:00
0,-22.318253,,-29.499716,,2022-07-20T08:39:00.000+02:00,2022-07-20T08:40:00.000+02:00
0,-22.39318,,-29.41449,,2022-06-25T20:30:00.000+02:00,2022-06-25T20:31:00.000+02:00
0,-20.528835,,-29.08743,,2022-12-27T00:14:00.000+01:00,2022-12-27T00:15:00.000+01:00
0,-23.718466,,-30.515697,,2022-12-05T03:27:00.000+01:00,2022-12-05T03:28:00.000+01:00
0,-23.133595,,-30.08068,,2022-09-09T03:04:00.000+02:00,2022-09-09T03:05:00.000+02:00
0,-22.692543,,-29.593466,,2022-06-19T01:07:00.000+02:00,2022-06-19T01:08:00.000+02:00
0,-22.380043,,-29.462074,,2022-10-30T00:59:00.000+02:00,2022-10-30T01:00:00.000+02:00
0,-23.360867,,-30.26818,,2022-10-18T04:24:00.000+02:00,2022-10-18T04:25:00.000+02:00
0,-22.33956,,-29.485867,,2022-12-07T18:18:00.000+01:00,2022-12-07T18:19:00.000+01:00
0,-23.535938,,-31.003267,,2022-11-30T13:14:00.000+01:00,2022-11-30T13:15:00.000+01:00
0,-23.232315,,-30.333168,,2022-11-24T02:03:00.000+01:00,2022-11-24T02:04:00.000+01:00
0,-22.616549,,-29.958878,,2022-11-11T02:45:00.000+01:00,2022-11-11T02:46:00.000+01:00
0,-23.202486,,-30.025993,,2022-08-26T07:45:00.000+02:00,2022-08-26T07:46:00.000+02:00
0,-22.550497,,-29.70284,,2022-09-03T15:20:00.000+02:00,2022-09-03T15:21:00.000+02:00
0,-22.230894,,-29.07784,,2022-09-11T00:13:00.000+02:00,2022-09-11T00:14:00.000+02:00
0,-23.709942,,-30.553339,,2022-12-05T00:04:00.000+01:00,2022-12-05T00:05:00.000+01:00
0,-22.545527,,-28.783451,,2022-06-20T20:54:00.000+02:00,2022-06-20T20:55:00.000+02:00
1,-22.294106,,-29.260723,,2022-08-01T11:40:00.000+02:00,2022-08-01T11:41:00.000+02:00
0,-20.465626,,-29.088493,,2022-12-25T03:55:00.000+01:00,2022-12-25T03:56:00.000+01:00
1,-22.437927,,-28.98693,,2022-09-10T10:38:00.000+02:00,2022-09-10T10:39:00.000+02:00
0,-22.300852,,-29.0924,,2022-11-01T04:07:00.000+01:00,2022-11-01T04:08:00.000+01:00
0,-20.896023,,-29.132528,,2022-12-15T11:01:00.000+01:00,2022-12-15T11:02:00.000+01:00
0,-23.706038,,-30.471663,,2022-10-10T10:28:00.000+02:00,2022-10-10T10:29:00.000+02:00
0,-20.443607,,-28.958168,,2022-12-23T21:53:00.000+01:00,2022-12-23T21:54:00.000+01:00
0,-22.345951,,-29.284163,,2022-11-17T04:44:00.000+01:00,2022-11-17T04:45:00.000+01:00
0,-22.704262,,-29.783096,,2022-09-02T12:42:00.000+02:00,2022-09-02T12:43:00.000+02:00
0,-22.71385,,-29.53132,,2022-12-08T05:11:00.000+01:00,2022-12-08T05:12:00.000+01:00
0,-22.780966,,-29.889275,,2022-07-08T22:07:00.000+02:00,2022-07-08T22:08:00.000+02:00
0,-22.350567,,-29.30547,,2022-05-31T18:50:00.000+02:00,2022-05-31T18:51:00.000+02:00
0,-22.6652,,-29.761435,,2022-06-27T12:13:00.000+02:00,2022-06-27T12:14:00.000+02:00
0,-23.11797,,-29.990128,,2022-11-14T06:43:00.000+01:00,2022-11-14T06:44:00.000+01:00
0,-22.114063,,-29.326065,,2022-07-24T18:40:00.000+02:00,2022-07-24T18:41:00.000+02:00
0,-23.271023,,-30.16946,,2022-12-03T03:02:00.000+01:00,2022-12-03T03:03:00.000+01:00
0,-22.533451,,-29.73054,,2022-08-08T13:20:00.000+02:00,2022-08-08T13:21:00.000+02:00
0,-23.193607,,-30.314346,,2022-10-05T18:25:00.000+02:00,2022-10-05T18:26:00.000+02:00
0,-23.412003,,-30.73054,,2022-11-27T03:42:00.000+01:00,2022-11-27T03:43:00.000+01:00
0,-23.37507,,-30.228054,,2022-11-27T19:14:00.000+01:00,2022-11-27T19:15:00.000+01:00
0,-22.839205,,-29.93118,,2022-07-06T06:17:00.000+02:00,2022-07-06T06:18:00.000+02:00
0,-22.26392,,-29.222727,,2022-08-30T06:57:00.000+02:00,2022-08-30T06:58:00.000+02:00
0,-24.094887,,-31.255043,,2022-12-04T14:54:00.000+01:00,2022-12-04T14:55:00.000+01:00
0,-23.300852,,-30.326065,,2022-10-04T14:50:00.000+02:00,2022-10-04T14:51:00.000+02:00
0,-22.493324,,-29.668396,,2022-09-03T14:46:00.000+02:00,2022-09-03T14:47:00.000+02:00
0,-23.503977,,-30.396023,,2022-12-03T10:48:00.000+01:00,2022-12-03T10:49:00.000+01:00
0,-22.874361,,-30.06115,,2022-11-11T07:33:00.000+01:00,2022-11-11T07:34:00.000+01:00
0,-23.300142,,-30.104475,,2022-12-03T01:05:00.000+01:00,2022-12-03T01:06:00.000+01:00
0,-23.02848,,-30.057245,,2022-10-13T20:35:00.000+02:00,2022-10-13T20:36:00.000+02:00
0,-23.24368,,-30.340271,,2022-10-14T19:41:00.000+02:00,2022-10-14T19:42:00.000+02:00
0,-23.657032,,-30.538424,,2022-10-13T10:30:00.000+02:00,2022-10-13T10:31:00.000+02:00
0,-22.083878,,-29.203907,,2022-07-24T01:07:00.000+02:00,2022-07-24T01:08:00.000+02:00
0,-22.527414,,-30.131817,,2022-11-07T21:31:00.000+01:00,2022-11-07T21:32:00.000+01:00
0,-22.441477,,-29.493324,,2022-07-04T00:30:00.000+02:00,2022-07-04T00:31:00.000+02:00
0,-22.554758,,-29.58956,,2022-08-17T09:58:00.000+02:00,2022-08-17T09:59:00.000+02:00
0,-22.218111,,-29.35767,,2022-08-29T21:03:00.000+02:00,2022-08-29T21:04:00.000+02:00
0,-22.1826,,-29.45568,,2022-08-04T20:11:00.000+02:00,2022-08-04T20:12:00.000+02:00
0,-23.035582,,-29.878622,,2022-12-08T07:58:00.000+01:00,2022-12-08T07:59:00.000+01:00
0,-22.63608,,-29.57784,,2022-06-19T07:21:00.000+02:00,2022-06-19T07:22:00.000+02:00
0,-22.427273,,-29.49581,,2022-06-23T09:26:00.000+02:00,2022-06-23T09:27:00.000+02:00
0,-23.305824,,-30.41662,,2022-10-17T19:59:00.000+02:00,2022-10-17T20:00:00.000+02:00
0,-22.423012,,-29.409163,,2022-07-05T07:18:00.000+02:00,2022-07-05T07:19:00.000+02:00
0,-22.241903,,-29.258238,,2022-06-13T02:50:00.000+02:00,2022-06-13T02:51:00.000+02:00
0,-22.336008,,-29.494743,,2022-11-15T20:10:00.000+01:00,2022-11-15T20:11:00.000+01:00
0,-22.794106,,-30.188637,,2022-11-19T20:45:00.000+01:00,2022-11-19T20:46:00.000+01:00
1,-24.667685,,-26.82571,,2022-07-16T04:30:00.000+02:00,2022-07-16T04:31:00.000+02:00
0,-23.498295,,-30.151705,,2022-10-09T09:00:00.000+02:00,2022-10-09T09:01:00.000+02:00
0,-22.523508,,-29.32784,,2022-06-17T00:12:00.000+02:00,2022-06-17T00:13:00.000+02:00
0,-22.365837,,-29.584232,,2022-11-15T16:04:00.000+01:00,2022-11-15T16:05:00.000+01:00
0,-22.445383,,-29.503267,,2022-08-16T11:34:00.000+02:00,2022-08-16T11:35:00.000+02:00
0,-22.727345,,-29.829971,,2022-06-27T12:07:00.000+02:00,2022-06-27T12:08:00.000+02:00
0,-22.489773,,-29.600567,,2022-07-03T05:39:00.000+02:00,2022-07-03T05:40:00.000+02:00
0,-23.484446,,-30.624361,,2022-11-28T00:54:00.000+01:00,2022-11-28T00:55:00.000+01:00
0,-22.546236,,-29.74297,,2022-06-30T14:18:00.000+02:00,2022-06-30T14:19:00.000+02:00
0,-22.64105,,-29.820028,,2022-07-04T13:03:00.000+02:00,2022-07-04T13:04:00.000+02:00
0,-20.82571,,-29.131819,,2022-12-29T13:57:00.000+01:00,2022-12-29T13:58:00.000+01:00
0,-21.225569,,-29.382528,,2022-12-13T10:47:00.000+01:00,2022-12-13T10:48:00.000+01:00
0,-22.38324,,-29.41875,,2022-09-17T20:23:00.000+02:00,2022-09-17T20:24:00.000+02:00
0,-23.62507,,-29.580326,,2022-11-27T16:46:00.000+01:00,2022-11-27T16:47:00.000+01:00
0,-22.313992,,-29.32642,,2022-06-20T06:56:00.000+02:00,2022-06-20T06:57:00.000+02:00
0,-22.644957,,-29.830326,,2022-11-04T15:41:00.000+01:00,2022-11-04T15:42:00.000+01:00
0,-22.969177,,-30.038424,,2022-10-02T18:43:00.000+02:00,2022-10-02T18:44:00.000+02:00
0,-22.445383,,-29.5299,,2022-06-22T18:22:00.000+02:00,2022-06-22T18:23:00.000+02:00
0,-22.473438,,-29.697514,,2022-07-28T15:05:00.000+02:00,2022-07-28T15:06:00.000+02:00
0,-22.062927,,-29.218466,,2022-08-09T02:05:00.000+02:00,2022-08-09T02:06:00.000+02:00
0,-22.85696,,-29.8875,,2022-07-02T10:44:00.000+02:00,2022-07-02T10:45:00.000+02:00
0,-22.272089,,-29.155966,,2022-09-13T03:15:00.000+02:00,2022-09-13T03:16:00.000+02:00
0,-23.01392,,-30.295881,,2022-11-10T08:41:00.000+01:00,2022-11-10T08:42:00.000+01:00
0,,,,,2022-05-29T22:43:00.000+02:00,2022-05-29T22:44:00.000+02:00
0,-22.287003,,-29.517471,,2022-07-30T14:09:00.000+02:00,2022-07-30T14:10:00.000+02:00
0,-22.208168,,-29.380043,,2022-07-19T18:46:00.000+02:00,2022-07-19T18:47:00.000+02:00
0,-22.295881,,-29.298012,,2022-08-01T12:10:00.000+02:00,2022-08-01T12:11:00.000+02:00
0,-23.449644,,-30.533096,,2022-10-26T19:50:00.000+02:00,2022-10-26T19:51:00.000+02:00
0,-22.280611,,-29.21669,,2022-06-07T01:34:00.000+02:00,2022-06-07T01:35:00.000+02:00
0,-22.722727,,-29.741194,,2022-11-01T08:17:00.000+01:00,2022-11-01T08:18:00.000+01:00
0,-22.10696,,-29.204262,,2022-07-26T04:14:00.000+02:00,2022-07-26T04:15:00.000+02:00
0,-22.596663,,-29.647799,,2022-07-03T02:28:00.000+02:00,2022-07-03T02:29:00.000+02:00
0,-22.46882,,-29.35199,,2022-11-16T06:39:00.000+01:00,2022-11-16T06:40:00.000+01:00
0,-23.382883,,-30.437216,,2022-10-25T17:41:00.000+02:00,2022-10-25T17:42:00.000+02:00
0,-22.019247,,-29.126137,,2022-07-24T04:28:00.000+02:00,2022-07-24T04:29:00.000+02:00
0,-22.36797,,-29.262146,,2022-08-14T11:57:00.000+02:00,2022-08-14T11:58:00.000+02:00
0,-20.438282,,-28.887146,,2022-12-15T18:20:00.000+01:00,2022-12-15T18:21:00.000+01:00
0,-22.440056,,-29.479118,,2022-05-26T14:34:00.000+02:00,2022-05-26T14:35:00.000+02:00
0,-22.416264,,-29.392117,,2022-06-11T20:11:00.000+02:00,2022-06-11T20:12:00.000+02:00
0,-22.42976,,-29.44645,,2022-05-26T18:09:00.000+02:00,2022-05-26T18:10:00.000+02:00
0,,,,,2022-06-01T23:51:00.000+02:00,2022-06-01T23:52:00.000+02:00
0,-22.600212,,-29.294815,,2022-09-13T11:04:00.000+02:00,2022-09-13T11:05:00.000+02:00
1,-22.395668,,-29.206038,,2022-08-29T03:32:00.000+02:00,2022-08-29T03:33:00.000+02:00
0,-23.114418,,-30.413424,,2022-11-10T11:15:00.000+01:00,2022-11-10T11:16:00.000+01:00
0,-23.129688,,-30.040554,,2022-09-09T09:52:00.000+02:00,2022-09-09T09:53:00.000+02:00
0,-23.464205,,-30.337784,,2022-10-01T13:03:00.000+02:00,2022-10-01T13:04:00.000+02:00
0,-23.753622,,-30.655966,,2022-10-23T10:07:00.000+02:00,2022-10-23T10:08:00.000+02:00
0,-22.492258,,-29.400995,,2022-06-16T21:15:00.000+02:00,2022-06-16T21:16:00.000+02:00
0,-22.641762,,-29.553339,,2022-09-21T02:55:00.000+02:00,2022-09-21T02:56:00.000+02:00
0,-22.810085,,-29.881107,,2022-12-09T12:07:00.000+01:00,2022-12-09T12:08:00.000+01:00
0,-22.703907,,-29.064346,,2022-07-01T05:40:00.000+02:00,2022-07-01T05:41:00.000+02:00
0,-22.290554,,-29.422657,,2022-08-22T20:57:00.000+02:00,2022-08-22T20:58:00.000+02:00
0,-22.140696,,-29.235512,,2022-08-08T05:06:00.000+02:00,2022-08-08T05:07:00.000+02:00
0,-22.796236,,-29.891407,,2022-07-09T12:18:00.000+02:00,2022-07-09T12:19:00.000+02:00
0,-23.54659,,-30.245455,,2022-10-10T08:59:00.000+02:00,2022-10-10T09:00:00.000+02:00
1,-22.254333,,-29.017117,,2022-05-21T07:41:00.000+02:00,2022-05-21T07:42:00.000+02:00
0,-22.338139,,-29.484802,,2022-11-16T19:12:00.000+01:00,2022-11-16T19:13:00.000+01:00
0,-22.114063,,-29.203552,,2022-08-11T22:28:00.000+02:00,2022-08-11T22:29:00.000+02:00
0,-22.285227,,-29.2902,,2022-08-29T22:36:00.000+02:00,2022-08-29T22:37:00.000+02:00
1,-22.919815,,-29.577486,,2022-09-27T07:05:00.000+02:00,2022-09-27T07:06:00.000+02:00
0,-23.328196,,-30.865839,,2022-11-26T20:11:00.000+01:00,2022-11-26T20:12:00.000+01:00
0,-23.415554,,-30.77635,,2022-11-27T02:35:00.000+01:00,2022-11-27T02:36:00.000+01:00
0,-22.395313,,-29.530611,,2022-07-18T17:22:00.000+02:00,2022-07-18T17:23:00.000+02:00
0,-22.637856,,-29.818962,,2022-11-04T15:54:00.000+01:00,2022-11-04T15:55:00.000+01:00
0,-22.303339,,-29.457813,,2022-11-16T21:53:00.000+01:00,2022-11-16T21:54:00.000+01:00
0,-22.190413,,-29.359802,,2022-09-05T20:37:00.000+02:00,2022-09-05T20:38:00.000+02:00
0,-23.349148,,-30.173721,,2022-08-24T15:32:00.000+02:00,2022-08-24T15:33:00.000+02:00
0,-22.26392,,-29.464914,,2022-07-28T17:52:00.000+02:00,2022-07-28T17:53:00.000+02:00
0,-23.505753,,-30.335299,,2022-10-05T08:06:00.000+02:00,2022-10-05T08:07:00.000+02:00
0,-22.912712,,-29.7277,,2022-09-15T09:36:00.000+02:00,2022-09-15T09:37:00.000+02:00
0,-22.491549,,-29.378267,,2022-06-16T21:49:00.000+02:00,2022-06-16T21:50:00.000+02:00
0,-22.970951,,-29.98267,,2022-09-22T15:26:00.000+02:00,2022-09-22T15:27:00.000+02:00
0,,,,,2022-06-01T21:14:00.000+02:00,2022-06-01T21:15:00.000+02:00
0,-22.474503,,-29.269604,,2022-05-27T00:04:00.000+02:00,2022-05-27T00:05:00.000+02:00
0,-22.603764,,-29.480896,,2022-11-05T06:56:00.000+01:00,2022-11-05T06:57:00.000+01:00
0,-23.266762,,-30.287003,,2022-10-06T17:40:00.000+02:00,2022-10-06T17:41:00.000+02:00
0,-22.051563,,-29.084587,,2022-08-12T03:33:00.000+02:00,2022-08-12T03:34:00.000+02:00
0,-22.52493,,-28.65348,,2022-07-16T07:01:00.000+02:00,2022-07-16T07:02:00.000+02:00
0,-23.47699,,-30.568253,,2022-12-03T16:55:00.000+01:00,2022-12-03T16:56:00.000+01:00
0,-22.05831,,-29.354118,,2022-08-10T20:04:00.000+02:00,2022-08-10T20:05:00.000+02:00
0,-23.022797,,-30.115128,,2022-11-21T23:14:00.000+01:00,2022-11-21T23:15:00.000+01:00
0,-23.170881,,-30.342045,,2022-10-22T17:26:00.000+02:00,2022-10-22T17:27:00.000+02:00
0,-22.064346,,-29.126137,,2022-07-23T03:37:00.000+02:00,2022-07-23T03:38:00.000+02:00
0,-23.187216,,-30.04233,,2022-09-09T06:15:00.000+02:00,2022-09-09T06:16:00.000+02:00
0,-22.892117,,-29.832458,,2022-10-30T08:12:00.000+01:00,2022-10-30T08:13:00.000+01:00
0,-20.505753,,-29.032387,,2022-12-27T22:14:00.000+01:00,2022-12-27T22:15:00.000+01:00
0,-22.197868,,-29.376846,,2022-08-04T22:36:00.000+02:00,2022-08-04T22:37:00.000+02:00
0,-22.2625,,-29.147444,,2022-09-12T00:35:00.000+02:00,2022-09-12T00:36:00.000+02:00
0,-22.35625,,-29.312927,,2022-05-31T20:50:00.000+02:00,2022-05-31T20:51:00.000+02:00
0,-22.176208,,-29.215626,,2022-06-06T05:50:00.000+02:00,2022-06-06T05:51:00.000+02:00
0,-22.050142,,-28.907032,,2022-12-10T20:55:00.000+01:00,2022-12-10T20:56:00.000+01:00
0,-22.625782,,-30.097727,,2022-11-09T03:02:00.000+01:00,2022-11-09T03:03:00.000+01:00
0,-22.488708,,-29.495455,,2022-06-19T21:25:00.000+02:00,2022-06-19T21:26:00.000+02:00
0,-21.230185,,-29.411648,,2022-12-23T10:20:00.000+01:00,2022-12-23T10:21:00.000+01:00
0,-20.526705,,-29.045525,,2022-12-27T23:13:00.000+01:00,2022-12-27T23:14:00.000+01:00
0,-22.554758,,-29.74581,,2022-07-18T10:36:00.000+02:00,2022-07-18T10:37:00.000+02:00
0,-22.416618,,-29.586008,,2022-07-13T18:57:00.000+02:00,2022-07-13T18:58:00.000+02:00
0,-22.02919,,-29.129333,,2022-08-12T02:12:00.000+02:00,2022-08-12T02:13:00.000+02:00
0,-23.017471,,-30.081392,,2022-11-13T22:28:00.000+01:00,2022-11-13T22:29:00.000+01:00
0,-23.733027,,-30.7625,,2022-11-28T07:23:00.000+01:00,2022-11-28T07:24:00.000+01:00
0,-22.555824,,-28.550142,,2022-07-16T06:13:00.000+02:00,2022-07-16T06:14:00.000+02:00
0,-23.360157,,-29.888565,,2022-08-24T06:45:00.000+02:00,2022-08-24T06:46:00.000+02:00
0,-22.709587,,-29.911648,,2022-11-01T15:33:00.000+01:00,2022-11-01T15:34:00.000+01:00
0,-22.257883,,-29.247585,,2022-08-30T00:40:00.000+02:00,2022-08-30T00:41:00.000+02:00
0,-20.733381,,-29.084232,,2022-12-27T16:03:00.000+01:00,2022-12-27T16:04:00.000+01:00
0,-22.037714,,-29.119034,,2022-08-19T04:22:00.000+02:00,2022-08-19T04:23:00.000+02:00
0,-20.655966,,-29.16875,,2022-12-15T04:48:00.000+01:00,2022-12-15T04:49:00.000+01:00
0,-22.306534,,-29.435085,,2022-09-09T17:19:00.000+02:00,2022-09-09T17:20:00.000+02:00
0,-23.049786,,-29.818962,,2022-10-11T05:13:00.000+02:00,2022-10-11T05:14:00.000+02:00
0,-22.148153,,-29.317898,,2022-08-19T20:08:00.000+02:00,2022-08-19T20:09:00.000+02:00
1,-23.98693,,-28.487997,,2022-10-14T08:16:00.000+02:00,2022-10-14T08:17:00.000+02:00
0,-22.210653,,-29.061861,,2022-12-12T05:17:00.000+01:00,2022-12-12T05:18:00.000+01:00
1,-22.885014,,-28.937216,,2022-06-17T13:30:00.000+02:00,2022-06-17T13:31:00.000+02:00
0,-23.40632,,-30.142117,,2022-06-17T22:34:00.000+02:00,2022-06-17T22:35:00.000+02:00
0,-23.407742,,-30.406322,,2022-10-25T02:10:00.000+02:00,2022-10-25T02:11:00.000+02:00
0,-20.539845,,-28.89851,,2022-12-12T17:46:00.000+01:00,2022-12-12T17:47:00.000+01:00
0,-23.987288,,-31.196804,,2022-12-04T15:39:00.000+01:00,2022-12-04T15:40:00.000+01:00
0,-22.469887,,-29.577486,,2022-05-31T09:19:00.000+02:00,2022-05-31T09:20:00.000+02:00
0,-23.831038,,-30.816477,,2022-10-16T12:51:00.000+02:00,2022-10-16T12:52:00.000+02:00
1,-23.826065,,-27.992615,,2022-06-21T14:45:00.000+02:00,2022-06-21T14:46:00.000+02:00
0,-22.416618,,-29.255043,,2022-12-11T07:45:00.000+01:00,2022-12-11T07:46:00.000+01:00
0,-22.269602,,-29.45284,,2022-08-22T19:33:00.000+02:00,2022-08-22T19:34:00.000+02:00
0,-23.084232,,-29.97983,,2022-08-25T22:36:00.000+02:00,2022-08-25T22:37:00.000+02:00
1,-23.317543,,-30.04233,,2022-10-21T06:28:00.000+02:00,2022-10-21T06:29:00.000+02:00
0,-23.069674,,-30.18118,,2022-11-29T11:46:00.000+01:00,2022-11-29T11:47:00.000+01:00
0,-22.27706,,-29.387146,,2022-08-28T17:19:00.000+02:00,2022-08-28T17:20:00.000+02:00
0,-22.185795,,-29.21598,,2022-08-18T00:58:00.000+02:00,2022-08-18T00:59:00.000+02:00
0,-22.920881,,-30.1027,,2022-07-10T09:29:00.000+02:00,2022-07-10T09:30:00.000+02:00
0,-22.990482,,-28.7625,,2022-09-16T14:52:00.000+02:00,2022-09-16T14:53:00.000+02:00
0,-20.436861,,-29.08956,,2022-12-25T02:55:00.000+01:00,2022-12-25T02:56:00.000+01:00
0,-22.24368,,-29.427984,,2022-07-26T16:42:00.000+02:00,2022-07-26T16:43:00.000+02:00
1,-23.062927,,-29.549076,,2022-09-27T23:07:00.000+02:00,2022-09-27T23:08:00.000+02:00
0,-22.861221,,-30.22699,,2022-11-29T18:27:00.000+01:00,2022-11-29T18:28:00.000+01:00
0,-22.165909,,-29.407032,,2022-07-30T21:48:00.000+02:00,2022-07-30T21:49:00.000+02:00
0,-22.448225,,-29.43331,,2022-06-29T01:17:00.000+02:00,2022-06-29T01:18:00.000+02:00
0,-22.29517,,-29.218466,,2022-05-27T02:31:00.000+02:00,2022-05-27T02:32:00.000+02:00
0,-22.394602,,-29.224857,,2022-06-03T01:01:00.000+02:00,2022-06-03T01:02:00.000+02:00
0,-22.577486,,-29.726278,,2022-06-08T13:00:00.000+02:00,2022-06-08T13:01:00.000+02:00
0,-23.01534,,-29.739773,,2022-09-18T11:17:00.000+02:00,2022-09-18T11:18:00.000+02:00
0,-23.140696,,-30.152414,,2022-10-05T01:11:00.000+02:00,2022-10-05T01:12:00.000+02:00
1,-22.489063,,-29.043396,,2022-07-14T04:29:00.000+02:00,2022-07-14T04:30:00.000+02:00
0,-23.246521,,-30.347017,,2022-10-04T16:47:00.000+02:00,2022-10-04T16:48:00.000+02:00
0,-22.191833,,-29.209232,,2022-05-30T06:46:00.000+02:00,2022-05-30T06:47:00.000+02:00
0,-22.662712,,-29.756107,,2022-06-27T14:15:00.000+02:00,2022-06-27T14:16:00.000+02:00
0,-22.639631,,-29.77422,,2022-05-23T12:09:00.000+02:00,2022-05-23T12:10:00.000+02:00
0,-20.447868,,-28.929403,,2022-12-27T19:03:00.000+01:00,2022-12-27T19:04:00.000+01:00
0,-22.84382,,-29.839205,,2022-09-27T20:29:00.000+02:00,2022-09-27T20:30:00.000+02:00
0,-22.353409,,-29.526705,,2022-07-19T17:33:00.000+02:00,2022-07-19T17:34:00.000+02:00
0,-20.581392,,-29.155611,,2022-12-15T03:26:00.000+01:00,2022-12-15T03:27:00.000+01:00
0,-22.577131,,-29.486221,,2022-11-10T22:27:00.000+01:00,2022-11-10T22:28:00.000+01:00
0,-23.601988,,-30.562216,,2022-10-10T13:46:00.000+02:00,2022-10-10T13:47:00.000+02:00
0,-22.62223,,-29.16449,,2022-11-11T20:18:00.000+01:00,2022-11-11T20:19:00.000+01:00
1,-22.799433,,-28.777771,,2022-06-15T03:42:00.000+02:00,2022-06-15T03:43:00.000+02:00
0,-23.134659,,-30.48054,,2022-11-25T14:57:00.000+01:00,2022-11-25T14:58:00.000+01:00
0,-22.536293,,-29.688637,,2022-05-30T08:53:00.000+02:00,2022-05-30T08:54:00.000+02:00
1,-22.76321,,-29.393536,,2022-06-17T15:16:00.000+02:00,2022-06-17T15:17:00.000+02:00
1,-22.365837,,-29.358381,,2022-09-01T07:24:00.000+02:00,2022-09-01T07:25:00.000+02:00
0,-22.580326,,-29.736221,,2022-06-05T09:23:00.000+02:00,2022-06-05T09:24:00.000+02:00
0,-20.709587,,-29.116194,,2022-12-22T06:05:00.000+01:00,2022-12-22T06:06:00.000+01:00
0,-22.428339,,-29.350569,,2022-05-20T20:21:00.000+02:00,2022-05-20T20:22:00.000+02:00
0,-23.099503,,-30.057955,,2022-11-17T09:33:00.000+01:00,2022-11-17T09:34:00.000+01:00
1,-22.474503,,-29.111221,,2022-07-14T03:23:00.000+02:00,2022-07-14T03:24:00.000+02:00
0,-22.986221,,-29.869389,,2022-10-03T23:48:00.000+02:00,2022-10-03T23:49:00.000+02:00
1,-22.38395,,-29.244743,,2022-08-21T06:32:00.000+02:00,2022-08-21T06:33:00.000+02:00
0,-22.34098,,-29.564701,,2022-08-11T11:28:00.000+02:00,2022-08-11T11:29:00.000+02:00
0,-23.378979,,-30.311506,,2022-10-20T04:38:00.000+02:00,2022-10-20T04:39:00.000+02:00
0,-23.425852,,-30.364773,,2022-10-25T04:05:00.000+02:00,2022-10-25T04:06:00.000+02:00
0,-22.223793,,-29.250782,,2022-08-16T23:59:00.000+02:00,2022-08-17T00:00:00.000+02:00
0,-23.27706,,-29.88395,,2022-09-28T13:51:00.000+02:00,2022-09-28T13:52:00.000+02:00
0,-22.282032,,-29.186861,,2022-05-27T04:16:00.000+02:00,2022-05-27T04:17:00.000+02:00
0,-22.540909,,-29.36797,,2022-07-17T07:26:00.000+02:00,2022-07-17T07:27:00.000+02:00
0,-22.40419,,-29.618324,,2022-08-09T11:48:00.000+02:00,2022-08-09T11:49:00.000+02:00
0,-22.34169,,-29.550497,,2022-11-16T17:18:00.000+01:00,2022-11-16T17:19:00.000+01:00
0,-22.060085,,-29.18615,,2022-08-11T00:18:00.000+02:00,2022-08-11T00:19:00.000+02:00
0,-22.26534,,-29.158808,,2022-05-23T03:44:00.000+02:00,2022-05-23T03:45:00.000+02:00
0,-23.18757,,-30.08672,,2022-10-09T00:57:00.000+02:00,2022-10-09T00:58:00.000+02:00
0,-22.491194,,-29.378504,,2022-06-27T22:50:00.000+02:00,2022-06-27T22:51:00.000+02:00
0,-22.89993,,-30.127556,,2022-11-10T07:54:00.000+01:00,2022-11-10T07:55:00.000+01:00
0,-23.171946,,-30.239063,,2022-11-25T11:48:00.000+01:00,2022-11-25T11:49:00.000+01:00
0,-23.224857,,-30.19929,,2022-10-13T16:04:00.000+02:00,2022-10-13T16:05:00.000+02:00
0,-23.447159,,-29.902771,,2022-12-01T05:16:00.000+01:00,2022-12-01T05:17:00.000+01:00
0,-22.554049,,-29.625427,,2022-05-28T16:17:00.000+02:00,2022-05-28T16:18:00.000+02:00
0,-22.398508,,-29.409517,,2022-07-05T08:15:00.000+02:00,2022-07-05T08:16:00.000+02:00
0,-22.720596,,-29.493324,,2022-09-24T03:21:00.000+02:00,2022-09-24T03:22:00.000+02:00
0,-20.630753,,-29.174076,,2022-12-31T16:27:00.000+01:00,2022-12-31T16:28:00.000+01:00
0,-22.224503,,-29.234802,,2022-08-17T23:58:00.000+02:00,2022-08-17T23:59:00.000+02:00
1,-22.472372,,-29.260723,,2022-06-28T07:46:00.000+02:00,2022-06-28T07:47:00.000+02:00
0,-23.696095,,-30.557243,,2022-10-16T10:58:00.000+02:00,2022-10-16T10:59:00.000+02:00
0,-23.25007,,-30.337784,,2022-10-14T19:17:00.000+02:00,2022-10-14T19:18:00.000+02:00
0,-22.30973,,-29.201775,,2022-09-14T01:01:00.000+02:00,2022-09-14T01:02:00.000+02:00
0,-22.179049,,-29.267471,,2022-07-31T04:40:00.000+02:00,2022-07-31T04:41:00.000+02:00
0,-22.755398,,-29.842402,,2022-07-01T20:43:00.000+02:00,2022-07-01T20:44:00.000+02:00
0,-22.284163,,-29.459232,,2022-07-28T10:11:00.000+02:00,2022-07-28T10:12:00.000+02:00
0,-23.21243,,-30.123295,,2022-10-08T02:31:00.000+02:00,2022-10-08T02:32:00.000+02:00
0,-22.408096,,-29.536293,,2022-06-05T17:36:00.000+02:00,2022-06-05T17:37:00.000+02:00
1,-22.742258,,-29.141762,,2022-07-16T22:37:00.000+02:00,2022-07-16T22:38:00.000+02:00
0,-22.319319,,-29.54659,,2022-08-09T15:26:00.000+02:00,2022-08-09T15:27:00.000+02:00
0,-22.295527,,-29.262856,,2022-06-06T01:45:00.000+02:00,2022-06-06T01:46:00.000+02:00
0,-23.339914,,-30.332813,,2022-10-15T22:01:00.000+02:00,2022-10-15T22:02:00.000+02:00
0,-22.45284,,-29.57571,,2022-09-02T16:38:00.000+02:00,2022-09-02T16:39:00.000+02:00
0,-20.471308,,-28.752556,,2022-12-13T19:15:00.000+01:00,2022-12-13T19:16:00.000+01:00
0,-22.285583,,-29.284872,,2022-09-10T01:34:00.000+02:00,2022-09-10T01:35:00.000+02:00
0,-23.581392,,-30.368324,,2022-10-05T10:08:00.000+02:00,2022-10-05T10:09:00.000+02:00
0,-22.460653,,-29.45071,,2022-06-22T20:33:00.000+02:00,2022-06-22T20:34:00.000+02:00
0,-22.251846,,-29.319674,,2022-08-08T00:01:00.000+02:00,2022-08-08T00:02:00.000+02:00
0,-22.942898,,-29.913069,,2022-09-30T21:08:00.000+02:00,2022-09-30T21:09:00.000+02:00
0,-22.302982,,-29.517117,,2022-07-24T15:35:00.000+02:00,2022-07-24T15:36:00.000+02:00
0,-22.350212,,-29.523865,,2022-07-18T07:07:00.000+02:00,2022-07-18T07:08:00.000+02:00
0,-22.515696,,-29.398508,,2022-05-26T20:28:00.000+02:00,2022-05-26T20:29:00.000+02:00
0,-22.20142,,-29.215626,,2022-09-04T01:58:00.000+02:00,2022-09-04T01:59:00.000+02:00
0,-23.27493,,-30.380398,,2022-10-05T17:07:00.000+02:00,2022-10-05T17:08:00.000+02:00
0,-22.476635,,-29.58743,,2022-06-05T15:17:00.000+02:00,2022-06-05T15:18:00.000+02:00
0,-23.6652,,-30.57571,,2022-08-25T15:13:00.000+02:00,2022-08-25T15:14:00.000+02:00
0,-22.668396,,-29.791975,,2022-12-10T13:11:00.000+01:00,2022-12-10T13:12:00.000+01:00
0,-22.736221,,-29.773863,,2022-07-06T22:55:00.000+02:00,2022-07-06T22:56:00.000+02:00
0,-22.894247,,-30.017471,,2022-11-15T13:27:00.000+01:00,2022-11-15T13:28:00.000+01:00
0,-23.109446,,-30.472372,,2022-11-20T16:01:00.000+01:00,2022-11-20T16:02:00.000+01:00
0,-20.385725,,-28.880753,,2022-12-23T18:22:00.000+01:00,2022-12-23T18:23:00.000+01:00
0,-20.755398,,-29.040554,,2022-12-24T08:28:00.000+01:00,2022-12-24T08:29:00.000+01:00
0,-22.563637,,-29.374361,,2022-07-17T06:45:00.000+02:00,2022-07-17T06:46:00.000+02:00
0,-23.002201,,-29.994034,,2022-11-16T10:35:00.000+01:00,2022-11-16T10:36:00.000+01:00
1,-22.630398,,-29.193607,,2022-07-15T11:21:00.000+02:00,2022-07-15T11:22:00.000+02:00
0,-22.601988,,-28.452131,,2022-06-22T04:21:00.000+02:00,2022-06-22T04:22:00.000+02:00
0,-22.16733,,-29.24723,,2022-09-08T00:41:00.000+02:00,2022-09-08T00:42:00.000+02:00
0,,,,,2022-06-09T20:56:00.000+02:00,2022-06-09T20:57:00.000+02:00
0,-23.546593,,-30.381817,,2022-10-27T06:02:00.000+02:00,2022-10-27T06:03:00.000+02:00
0,-22.384186,,-29.446213,,2022-06-12T19:33:00.000+02:00,2022-06-12T19:34:00.000+02:00
0,-22.983736,,-29.921236,,2022-10-12T01:50:00.000+02:00,2022-10-12T01:51:00.000+02:00
0,-23.092756,,-29.392117,,2022-06-21T17:22:00.000+02:00,2022-06-21T17:23:00.000+02:00
0,-22.624006,,-29.706747,,2022-06-27T13:12:00.000+02:00,2022-06-27T13:13:00.000+02:00
0,-22.661648,,-29.560795,,2022-09-23T00:45:00.000+02:00,2022-09-23T00:46:00.000+02:00
0,-22.183666,,-29.191122,,2022-05-30T05:20:00.000+02:00,2022-05-30T05:21:00.000+02:00
0,-22.511435,,-29.769247,,2022-07-28T11:28:00.000+02:00,2022-07-28T11:29:00.000+02:00
0,-23.392471,,-30.79304,,2022-11-27T01:35:00.000+01:00,2022-11-27T01:36:00.000+01:00
0,-23.537357,,-30.393538,,2022-12-03T09:39:00.000+01:00,2022-12-03T09:40:00.000+01:00
0,-22.84169,,-29.783096,,2022-11-25T03:33:00.000+01:00,2022-11-25T03:34:00.000+01:00
1,-22.395313,,-29.297302,,2022-06-25T01:42:00.000+02:00,2022-06-25T01:43:00.000+02:00
0,-22.381819,,-29.565056,,2022-08-21T18:06:00.000+02:00,2022-08-21T18:07:00.000+02:00
0,-22.43118,,-29.5576,,2022-07-27T14:06:00.000+02:00,2022-07-27T14:07:00.000+02:00
0,-23.519247,,-30.799788,,2022-11-21T14:18:00.000+01:00,2022-11-21T14:19:00.000+01:00
0,,,,,2022-06-09T21:51:00.000+02:00,2022-06-09T21:52:00.000+02:00
0,-22.523865,,-29.532387,,2022-09-19T20:55:00.000+02:00,2022-09-19T20:56:00.000+02:00
0,-22.220242,,-29.27706,,2022-08-19T07:49:00.000+02:00,2022-08-19T07:50:00.000+02:00
0,-22.204262,,-29.191477,,2022-09-01T18:05:00.000+02:00,2022-09-01T18:06:00.000+02:00
0,-23.505753,,-30.55831,,2022-11-21T08:38:00.000+01:00,2022-11-21T08:39:00.000+01:00
0,-22.6652,,-29.878977,,2022-05-30T11:59:00.000+02:00,2022-05-30T12:00:00.000+02:00
0,-20.694319,,-29.03949,,2022-12-17T16:23:00.000+01:00,2022-12-17T16:24:00.000+01:00
0,-22.040554,,-29.196804,,2022-07-26T05:59:00.000+02:00,2022-07-26T06:00:00.000+02:00
0,-23.078907,,-29.820383,,2022-10-13T05:32:00.000+02:00,2022-10-13T05:33:00.000+02:00
0,-22.727345,,-29.868324,,2022-11-22T21:05:00.000+01:00,2022-11-22T21:06:00.000+01:00
0,-22.691477,,-29.642471,,2022-06-23T11:03:00.000+02:00,2022-06-23T11:04:00.000+02:00
0,-20.554049,,-29.080683,,2022-12-30T23:30:00.000+01:00,2022-12-30T23:31:00.000+01:00
0,-22.100569,,-29.219175,,2022-08-10T07:30:00.000+02:00,2022-08-10T07:31:00.000+02:00
0,-22.807243,,-30.084944,,2022-11-07T06:29:00.000+01:00,2022-11-07T06:30:00.000+01:00
0,-22.142117,,-29.27706,,2022-12-11T20:26:00.000+01:00,2022-12-11T20:27:00.000+01:00
0,-22.951775,,-29.885368,,2022-11-19T15:03:00.000+01:00,2022-11-19T15:04:00.000+01:00
0,-20.57074,,-29.137146,,2022-12-21T04:11:00.000+01:00,2022-12-21T04:12:00.000+01:00
1,-22.72912,,-29.287003,,2022-07-16T12:54:00.000+02:00,2022-07-16T12:55:00.000+02:00
0,-22.494389,,-29.086363,,2022-09-10T15:11:00.000+02:00,2022-09-10T15:12:00.000+02:00
0,-20.521023,,-28.973793,,2022-12-30T17:59:00.000+01:00,2022-12-30T18:00:00.000+01:00
0,-23.012146,,-30.1549,,2022-10-30T12:46:00.000+01:00,2022-10-30T12:47:00.000+01:00
0,-23.46385,,-30.400993,,2022-11-23T08:21:00.000+01:00,2022-11-23T08:22:00.000+01:00
0,-22.407742,,-29.540909,,2022-07-31T17:19:00.000+02:00,2022-07-31T17:20:00.000+02:00
0,-23.473438,,-30.323935,,2022-10-12T12:38:00.000+02:00,2022-10-12T12:39:00.000+02:00
0,-22.610157,,-29.664845,,2022-09-23T19:42:00.000+02:00,2022-09-23T19:43:00.000+02:00
0,-23.003267,,-29.768892,,2022-09-18T10:26:00.000+02:00,2022-09-18T10:27:00.000+02:00
0,-22.579971,,-29.715271,,2022-06-01T11:42:00.000+02:00,2022-06-01T11:43:00.000+02:00
0,-22.585299,,-29.80902,,2022-10-29T15:59:00.000+02:00,2022-10-29T16:00:00.000+02:00
0,-22.903126,,-30.141407,,2022-11-19T23:01:00.000+01:00,2022-11-19T23:02:00.000+01:00
0,-22.40419,,-29.502913,,2022-05-16T18:50:00.000+02:00,2022-05-16T18:51:00.000+02:00
0,-22.438637,,-29.146732,,2022-08-28T11:24:00.000+02:00,2022-08-28T11:25:00.000+02:00
0,-23.260368,,-30.335299,,2022-11-23T22:40:00.000+01:00,2022-11-23T22:41:00.000+01:00
0,-23.256819,,-30.07358,,2022-10-06T23:40:00.000+02:00,2022-10-06T23:41:00.000+02:00
0,-21.975567,,-29.071804,,2022-07-22T04:36:00.000+02:00,2022-07-22T04:37:00.000+02:00
0,-23.677628,,-30.550852,,2022-10-08T13:13:00.000+02:00,2022-10-08T13:14:00.000+02:00
0,-22.115839,,-28.999006,,2022-12-09T23:47:00.000+01:00,2022-12-09T23:48:00.000+01:00
0,-22.125072,,-29.3527,,2022-07-25T19:40:00.000+02:00,2022-07-25T19:41:00.000+02:00
0,,,,,2022-12-20T23:37:00.000+01:00,2022-12-20T23:38:00.000+01:00
0,-22.007528,,-29.103054,,2022-08-12T02:35:00.000+02:00,2022-08-12T02:36:00.000+02:00
1,-22.349503,,-29.27493,,2022-06-17T07:13:00.000+02:00,2022-06-17T07:14:00.000+02:00
0,-22.21172,,-29.15419,,2022-08-15T01:37:00.000+02:00,2022-08-15T01:38:00.000+02:00
1,-23.243324,,-30.066122,,2022-07-05T17:08:00.000+02:00,2022-07-05T17:09:00.000+02:00
0,-22.642471,,-29.614773,,2022-12-10T11:21:00.000+01:00,2022-12-10T11:22:00.000+01:00
0,-20.568962,,-29.155256,,2022-12-15T02:48:00.000+01:00,2022-12-15T02:49:00.000+01:00
0,-22.178337,,-29.235157,,2022-07-20T00:37:00.000+02:00,2022-07-20T00:38:00.000+02:00
0,-22.214205,,-29.473793,,2022-08-08T17:44:00.000+02:00,2022-08-08T17:45:00.000+02:00
0,-22.39993,,-29.398865,,2022-08-21T00:41:00.000+02:00,2022-08-21T00:42:00.000+02:00
0,-22.612642,,-29.535229,,2022-12-12T09:11:00.000+01:00,2022-12-12T09:12:00.000+01:00
0,-21.033451,,-29.346308,,2022-12-31T12:58:00.000+01:00,2022-12-31T12:59:00.000+01:00
0,-22.374006,,-29.492258,,2022-05-19T10:07:00.000+02:00,2022-05-19T10:08:00.000+02:00
0,-22.432955,,-29.538778,,2022-06-30T19:56:00.000+02:00,2022-06-30T19:57:00.000+02:00
0,-22.67017,,-29.770313,,2022-12-10T13:09:00.000+01:00,2022-12-10T13:10:00.000+01:00
0,-22.356606,,-29.453196,,2022-07-11T07:40:00.000+02:00,2022-07-11T07:41:00.000+02:00
0,-23.316479,,-30.212074,,2022-10-15T03:04:00.000+02:00,2022-10-15T03:05:00.000+02:00
0,-22.522442,,-29.484802,,2022-06-15T21:36:00.000+02:00,2022-06-15T21:37:00.000+02:00
0,-22.27919,,-29.206036,,2022-05-29T03:41:00.000+02:00,2022-05-29T03:42:00.000+02:00
0,-20.787357,,-29.113707,,2022-12-15T15:54:00.000+01:00,2022-12-15T15:55:00.000+01:00
0,-22.413424,,-29.57571,,2022-09-03T16:34:00.000+02:00,2022-09-03T16:35:00.000+02:00
0,-22.661293,,-29.825356,,2022-05-31T10:54:00.000+02:00,2022-05-31T10:55:00.000+02:00
0,-22.115128,,-29.178694,,2022-06-13T06:01:00.000+02:00,2022-06-13T06:02:00.000+02:00
0,-22.256462,,-29.160227,,2022-05-23T03:39:00.000+02:00,2022-05-23T03:40:00.000+02:00
0,-22.614418,,-29.523508,,2022-06-19T04:23:00.000+02:00,2022-06-19T04:24:00.000+02:00
0,-23.45284,,-30.398508,,2022-10-02T14:16:00.000+02:00,2022-10-02T14:17:00.000+02:00
0,-22.547657,,-29.426918,,2022-09-18T02:48:00.000+02:00,2022-09-18T02:49:00.000+02:00
0,-22.182955,,-29.238352,,2022-06-11T08:02:00.000+02:00,2022-06-11T08:03:00.000+02:00
0,-22.589205,,-29.81044,,2022-11-04T17:20:00.000+01:00,2022-11-04T17:21:00.000+01:00
0,-22.367615,,-29.517471,,2022-08-17T17:15:00.000+02:00,2022-08-17T17:16:00.000+02:00
0,-22.193607,,-29.237286,,2022-09-05T01:43:00.000+02:00,2022-09-05T01:44:00.000+02:00
0,-22.63821,,-29.485867,,2022-12-09T08:35:00.000+01:00,2022-12-09T08:36:00.000+01:00
0,-22.600924,,-29.458523,,2022-11-04T06:01:00.000+01:00,2022-11-04T06:02:00.000+01:00
0,-22.77422,,-29.781322,,2022-11-18T12:51:00.000+01:00,2022-11-18T12:52:00.000+01:00
0,-23.70284,,-30.18544,,2022-08-26T23:20:00.000+02:00,2022-08-26T23:21:00.000+02:00
0,-23.365837,,-30.874716,,2022-11-30T14:25:00.000+01:00,2022-11-30T14:26:00.000+01:00
0,-23.230896,,-30.083168,,2022-10-07T04:27:00.000+02:00,2022-10-07T04:28:00.000+02:00
0,-22.4777,,-29.50895,,2022-06-26T18:07:00.000+02:00,2022-06-26T18:08:00.000+02:00
1,-22.54659,,-28.846663,,2022-10-31T22:56:00.000+01:00,2022-10-31T22:57:00.000+01:00
0,-22.441479,,-29.060795,,2022-09-02T09:02:00.000+02:00,2022-09-02T09:03:00.000+02:00
0,-22.100924,,-29.288778,,2022-07-24T07:21:00.000+02:00,2022-07-24T07:22:00.000+02:00
0,-20.440056,,-28.981606,,2022-12-28T20:54:00.000+01:00,2022-12-28T20:55:00.000+01:00
0,-23.468822,,-30.3076,,2022-10-21T07:58:00.000+02:00,2022-10-21T07:59:00.000+02:00
0,-23.760368,,-30.816479,,2022-10-26T14:39:00.000+02:00,2022-10-26T14:40:00.000+02:00
0,-22.57358,,-29.517826,,2022-06-19T05:01:00.000+02:00,2022-06-19T05:02:00.000+02:00
0,-24.16804,,-31.078907,,2022-12-04T13:41:00.000+01:00,2022-12-04T13:42:00.000+01:00
0,-22.305824,,-29.288069,,2022-06-10T06:27:00.000+02:00,2022-06-10T06:28:00.000+02:00
0,-22.601633,,-29.3076,,2022-07-17T04:44:00.000+02:00,2022-07-17T04:45:00.000+02:00
0,-22.473438,,-29.597727,,2022-06-04T09:26:00.000+02:00,2022-06-04T09:27:00.000+02:00
0,-22.362288,,-29.26108,,2022-08-14T11:59:00.000+02:00,2022-08-14T12:00:00.000+02:00
1,-22.615837,,-29.447159,,2022-11-15T04:13:00.000+01:00,2022-11-15T04:14:00.000+01:00
0,-22.68544,,-30.189346,,2022-11-12T21:37:00.000+01:00,2022-11-12T21:38:00.000+01:00
0,-22.188282,,-29.41804,,2022-07-22T17:52:00.000+02:00,2022-07-22T17:53:00.000+02:00
0,-20.465271,,-28.938282,,2022-12-17T20:36:00.000+01:00,2022-12-17T20:37:00.000+01:00
0,-22.51534,,-30.242615,,2022-11-11T17:46:00.000+01:00,2022-11-11T17:47:00.000+01:00
0,-23.54446,,-30.426563,,2022-10-28T00:12:00.000+02:00,2022-10-28T00:13:00.000+02:00
0,-22.186861,,-29.231606,,2022-08-17T01:31:00.000+02:00,2022-08-17T01:32:00.000+02:00
0,-22.615128,,-29.469532,,2022-09-20T04:23:00.000+02:00,2022-09-20T04:24:00.000+02:00
0,-22.37507,,-29.612288,,2022-07-23T09:26:00.000+02:00,2022-07-23T09:27:00.000+02:00
0,-23.258595,,-30.083168,,2022-08-26T08:34:00.000+02:00,2022-08-26T08:35:00.000+02:00
0,-22.40419,,-29.425852,,2022-08-21T08:00:00.000+02:00,2022-08-21T08:01:00.000+02:00
0,,,,,2022-06-02T08:45:00.000+02:00,2022-06-02T08:46:00.000+02:00
0,-23.433664,,-30.57358,,2022-11-26T03:51:00.000+01:00,2022-11-26T03:52:00.000+01:00
0,-23.618324,,-30.564346,,2022-11-28T05:59:00.000+01:00,2022-11-28T06:00:00.000+01:00
0,-22.480896,,-29.291973,,2022-05-28T00:01:00.000+02:00,2022-05-28T00:02:00.000+02:00
0,-22.648508,,-29.651348,,2022-07-09T04:55:00.000+02:00,2022-07-09T04:56:00.000+02:00
0,-22.65135,,-29.663778,,2022-09-07T10:14:00.000+02:00,2022-09-07T10:15:00.000+02:00
0,-23.514275,,-30.605185,,2022-11-28T03:19:00.000+01:00,2022-11-28T03:20:00.000+01:00
0,-22.288778,,-29.382885,,2022-07-15T05:40:00.000+02:00,2022-07-15T05:41:00.000+02:00
0,-22.103409,,-29.126492,,2022-07-21T03:55:00.000+02:00,2022-07-21T03:56:00.000+02:00
0,-23.863352,,-30.780256,,2022-10-07T11:58:00.000+02:00,2022-10-07T11:59:00.000+02:00
0,-22.374716,,-29.466335,,2022-06-05T19:30:00.000+02:00,2022-06-05T19:31:00.000+02:00
0,-22.377556,,-29.215626,,2022-05-24T03:33:00.000+02:00,2022-05-24T03:34:00.000+02:00
0,-22.876137,,-29.55831,,2022-09-25T08:10:00.000+02:00,2022-09-25T08:11:00.000+02:00
0,-22.57358,,-29.596306,,2022-05-23T14:14:00.000+02:00,2022-05-23T14:15:00.000+02:00
0,-22.159872,,-29.38608,,2022-08-03T22:09:00.000+02:00,2022-08-03T22:10:00.000+02:00
0,-22.287357,,-29.408806,,2022-07-04T06:07:00.000+02:00,2022-07-04T06:08:00.000+02:00
1,-23.238708,,-30.14993,,2022-10-06T00:58:00.000+02:00,2022-10-06T00:59:00.000+02:00
0,-22.2277,,-29.511435,,2022-10-28T18:03:00.000+02:00,2022-10-28T18:04:00.000+02:00
0,-22.35767,,-29.226278,,2022-06-10T04:27:00.000+02:00,2022-06-10T04:28:00.000+02:00
0,-22.327486,,-29.578197,,2022-08-10T13:59:00.000+02:00,2022-08-10T14:00:00.000+02:00
0,-22.186506,,-29.307243,,2022-07-21T09:02:00.000+02:00,2022-07-21T09:03:00.000+02:00
0,-22.969887,,-28.909872,,2022-09-17T05:12:00.000+02:00,2022-09-17T05:13:00.000+02:00
0,-22.4777,,-29.611221,,2022-07-11T10:26:00.000+02:00,2022-07-11T10:27:00.000+02:00
0,-23.484446,,-30.212074,,2022-12-04T03:56:00.000+01:00,2022-12-04T03:57:00.000+01:00
0,-22.423012,,-29.302628,,2022-09-15T04:08:00.000+02:00,2022-09-15T04:09:00.000+02:00
0,-22.620455,,-29.575,,2022-10-29T08:11:00.000+02:00,2022-10-29T08:12:00.000+02:00
0,-22.22983,,-29.348083,,2022-07-26T19:23:00.000+02:00,2022-07-26T19:24:00.000+02:00
0,-22.180824,,-29.322868,,2022-08-16T22:07:00.000+02:00,2022-08-16T22:08:00.000+02:00
0,-22.131462,,-29.105185,,2022-12-11T01:19:00.000+01:00,2022-12-11T01:20:00.000+01:00
0,-20.908451,,-29.234802,,2022-12-23T15:01:00.000+01:00,2022-12-23T15:02:00.000+01:00
0,-22.465271,,-29.495455,,2022-08-16T14:06:00.000+02:00,2022-08-16T14:07:00.000+02:00
0,-24.063282,,-30.657742,,2022-12-06T07:27:00.000+01:00,2022-12-06T07:28:00.000+01:00
0,-22.71527,,-29.815413,,2022-11-06T13:01:00.000+01:00,2022-11-06T13:02:00.000+01:00
0,-22.500427,,-29.269602,,2022-09-14T07:34:00.000+02:00,2022-09-14T07:35:00.000+02:00
0,-22.483381,,-28.839914,,2022-06-21T01:14:00.000+02:00,2022-06-21T01:15:00.000+02:00
0,-23.518538,,-30.785582,,2022-11-21T14:19:00.000+01:00,2022-11-21T14:20:00.000+01:00
0,-22.746876,,-29.889986,,2022-07-06T17:49:00.000+02:00,2022-07-06T17:50:00.000+02:00
0,-23.188992,,-30.237288,,2022-11-25T10:46:00.000+01:00,2022-11-25T10:47:00.000+01:00
0,-22.544815,,-29.843111,,2022-11-10T02:29:00.000+01:00,2022-11-10T02:30:00.000+01:00
0,-22.829617,,-29.911648,,2022-08-25T17:38:00.000+02:00,2022-08-25T17:39:00.000+02:00
0,-20.57145,,-29.012856,,2022-12-19T23:53:00.000+01:00,2022-12-19T23:54:00.000+01:00
0,-22.728764,,-29.569319,,2022-09-23T23:23:00.000+02:00,2022-09-23T23:24:00.000+02:00
0,-22.82784,,-29.9326,,2022-08-25T17:33:00.000+02:00,2022-08-25T17:34:00.000+02:00
0,-22.41875,,-29.273508,,2022-05-30T00:27:00.000+02:00,2022-05-30T00:28:00.000+02:00
0,-22.193253,,-29.3527,,2022-09-04T21:20:00.000+02:00,2022-09-04T21:21:00.000+02:00
0,-22.563992,,-29.385723,,2022-09-13T13:59:00.000+02:00,2022-09-13T14:00:00.000+02:00
0,-23.81044,,-30.832813,,2022-10-20T12:51:00.000+02:00,2022-10-20T12:52:00.000+02:00
0,-22.378267,,-29.460299,,2022-06-02T17:55:00.000+02:00,2022-06-02T17:56:00.000+02:00
0,-22.277414,,-29.468466,,2022-07-30T10:05:00.000+02:00,2022-07-30T10:06:00.000+02:00
0,-22.498295,,-29.688282,,2022-06-30T12:39:00.000+02:00,2022-06-30T12:40:00.000+02:00
0,-22.20142,,-29.219177,,2022-08-28T04:04:00.000+02:00,2022-08-28T04:05:00.000+02:00
0,-22.289845,,-29.441832,,2022-10-30T20:16:00.000+01:00,2022-10-30T20:17:00.000+01:00
0,-22.551918,,-29.448935,,2022-06-22T14:22:00.000+02:00,2022-06-22T14:23:00.000+02:00
0,-22.602345,,-29.766052,,2022-05-30T10:52:00.000+02:00,2022-05-30T10:53:00.000+02:00
0,-23.922657,,-31.100212,,2022-11-27T12:39:00.000+01:00,2022-11-27T12:40:00.000+01:00
0,-22.288069,,-29.225212,,2022-06-07T01:26:00.000+02:00,2022-06-07T01:27:00.000+02:00
0,-22.40206,,-29.597017,,2022-08-09T14:19:00.000+02:00,2022-08-09T14:20:00.000+02:00
0,-22.225924,,-29.314346,,2022-08-08T00:36:00.000+02:00,2022-08-08T00:37:00.000+02:00
0,-22.683666,,-29.492258,,2022-09-22T05:44:00.000+02:00,2022-09-22T05:45:00.000+02:00
0,-22.134659,,-29.168041,,2022-07-29T03:57:00.000+02:00,2022-07-29T03:58:00.000+02:00
0,-22.581747,,-29.704262,,2022-06-14T10:05:00.000+02:00,2022-06-14T10:06:00.000+02:00
0,-22.323225,,-29.418396,,2022-08-01T15:36:00.000+02:00,2022-08-01T15:37:00.000+02:00
0,-22.891762,,-29.836008,,2022-09-18T15:30:00.000+02:00,2022-09-18T15:31:00.000+02:00
0,-22.480896,,-29.474148,,2022-06-15T18:45:00.000+02:00,2022-06-15T18:46:00.000+02:00
0,-22.906675,,-29.650993,,2022-09-20T10:31:00.000+02:00,2022-09-20T10:32:00.000+02:00
0,-22.866903,,-30.099857,,2022-11-02T22:28:00.000+01:00,2022-11-02T22:29:00.000+01:00
1,-20.73267,,-29.003267,,2022-12-15T08:05:00.000+01:00,2022-12-15T08:06:00.000+01:00
0,-22.594532,,-29.583168,,2022-09-18T17:51:00.000+02:00,2022-09-18T17:52:00.000+02:00
0,-22.174076,,-29.289135,,2022-08-05T00:44:00.000+02:00,2022-08-05T00:45:00.000+02:00
0,-22.756462,,-29.51534,,2022-09-15T08:51:00.000+02:00,2022-09-15T08:52:00.000+02:00
0,-20.812216,,-29.246521,,2022-12-31T15:02:00.000+01:00,2022-12-31T15:03:00.000+01:00
0,-23.909872,,-30.844887,,2022-10-19T10:11:00.000+02:00,2022-10-19T10:12:00.000+02:00
0,-23.874716,,-30.599503,,2022-12-06T01:52:00.000+01:00,2022-12-06T01:53:00.000+01:00
0,-22.503622,,-29.374006,,2022-11-06T07:02:00.000+01:00,2022-11-06T07:03:00.000+01:00
0,-23.63324,,-30.503977,,2022-11-23T09:40:00.000+01:00,2022-11-23T09:41:00.000+01:00
0,-22.413778,,-29.565413,,2022-08-02T10:23:00.000+02:00,2022-08-02T10:24:00.000+02:00
0,-20.516052,,-28.958878,,2022-12-29T17:37:00.000+01:00,2022-12-29T17:38:00.000+01:00
0,-23.891407,,-31.091335,,2022-11-24T12:10:00.000+01:00,2022-11-24T12:11:00.000+01:00
0,-22.398153,,-29.611221,,2022-08-09T13:31:00.000+02:00,2022-08-09T13:32:00.000+02:00
0,-22.475924,,-29.669815,,2022-07-29T14:00:00.000+02:00,2022-07-29T14:01:00.000+02:00
0,-22.435795,,-29.33743,,2022-09-15T01:32:00.000+02:00,2022-09-15T01:33:00.000+02:00
0,-20.632883,,-29.051563,,2022-12-23T16:43:00.000+01:00,2022-12-23T16:44:00.000+01:00
0,-22.626137,,-29.62791,,2022-09-07T08:26:00.000+02:00,2022-09-07T08:27:00.000+02:00
0,-22.491192,,-29.616549,,2022-08-19T14:20:00.000+02:00,2022-08-19T14:21:00.000+02:00
0,-22.385014,,-29.237642,,2022-08-23T08:19:00.000+02:00,2022-08-23T08:20:00.000+02:00
0,-20.52919,,-28.993324,,2022-12-14T22:29:00.000+01:00,2022-12-14T22:30:00.000+01:00
0,-22.468466,,-29.423012,,2022-05-22T20:36:00.000+02:00,2022-05-22T20:37:00.000+02:00
0,-22.798012,,-30.174433,,2022-11-19T21:45:00.000+01:00,2022-11-19T21:46:00.000+01:00
0,-22.179403,,-29.236576,,2022-07-19T01:54:00.000+02:00,2022-07-19T01:55:00.000+02:00
1,-23.297657,,-28.728054,,2022-07-07T08:08:00.000+02:00,2022-07-07T08:09:00.000+02:00
1,-22.502558,,-29.379688,,2022-09-05T11:35:00.000+02:00,2022-09-05T11:36:00.000+02:00
0,-23.229118,,-30.177982,,2022-10-06T04:11:00.000+02:00,2022-10-06T04:12:00.000+02:00
0,-22.054167,,-29.180113,,2022-07-26T04:35:00.000+02:00,2022-07-26T04:36:00.000+02:00
0,-20.426208,,-28.863707,,2022-12-13T20:36:00.000+01:00,2022-12-13T20:37:00.000+01:00
0,-23.524574,,-30.362642,,2022-10-26T06:16:00.000+02:00,2022-10-26T06:17:00.000+02:00
0,-22.305824,,-29.487288,,2022-08-20T21:06:00.000+02:00,2022-08-20T21:07:00.000+02:00
0,-23.246876,,-30.383595,,2022-10-20T17:15:00.000+02:00,2022-10-20T17:16:00.000+02:00
0,-22.568607,,-29.708168,,2022-05-17T13:22:00.000+02:00,2022-05-17T13:23:00.000+02:00
0,-22.40206,,-29.554049,,2022-07-31T17:14:00.000+02:00,2022-07-31T17:15:00.000+02:00
0,-22.540909,,-30.183664,,2022-11-09T19:18:00.000+01:00,2022-11-09T19:19:00.000+01:00
0,-23.30831,,-30.41733,,2022-10-17T19:49:00.000+02:00,2022-10-17T19:50:00.000+02:00
0,-22.176918,,-29.210653,,2022-08-01T07:58:00.000+02:00,2022-08-01T07:59:00.000+02:00
0,-22.402414,,-29.54446,,2022-06-05T16:55:00.000+02:00,2022-06-05T16:56:00.000+02:00
0,-22.371876,,-29.555113,,2022-08-05T10:26:00.000+02:00,2022-08-05T10:27:00.000+02:00
0,-22.839205,,-29.784163,,2022-07-01T23:47:00.000+02:00,2022-07-01T23:48:00.000+02:00
0,-22.6652,,-30.089205,,2022-11-07T03:10:00.000+01:00,2022-11-07T03:11:00.000+01:00
0,-22.427982,,-29.583523,,2022-08-12T11:01:00.000+02:00,2022-08-12T11:02:00.000+02:00
0,-22.07429,,-29.266762,,2022-08-12T20:40:00.000+02:00,2022-08-12T20:41:00.000+02:00
0,-23.460299,,-29.91804,,2022-12-01T05:57:00.000+01:00,2022-12-01T05:58:00.000+01:00
0,-22.434376,,-29.391407,,2022-05-24T19:48:00.000+02:00,2022-05-24T19:49:00.000+02:00
0,-22.717756,,-29.53949,,2022-12-08T05:02:00.000+01:00,2022-12-08T05:03:00.000+01:00
0,-22.584587,,-29.667685,,2022-06-28T16:44:00.000+02:00,2022-06-28T16:45:00.000+02:00
0,-22.56044,,-29.810795,,2022-07-28T11:37:00.000+02:00,2022-07-28T11:38:00.000+02:00
0,-23.175142,,-30.224503,,2022-10-22T21:31:00.000+02:00,2022-10-22T21:32:00.000+02:00
0,-22.231606,,-29.175852,,2022-09-06T05:58:00.000+02:00,2022-09-06T05:59:00.000+02:00
0,-22.880398,,-28.260368,,2022-06-21T23:48:00.000+02:00,2022-06-21T23:49:00.000+02:00
0,-23.30476,,-30.289845,,2022-07-07T22:57:00.000+02:00,2022-07-07T22:58:00.000+02:00
0,-23.1027,,-30.04233,,2022-11-15T08:54:00.000+01:00,2022-11-15T08:55:00.000+01:00
1,-23.594532,,-27.502556,,2022-06-21T22:09:00.000+02:00,2022-06-21T22:10:00.000+02:00
0,-22.496876,,-29.65135,,2022-05-16T14:27:00.000+02:00,2022-05-16T14:28:00.000+02:00
0,-22.163778,,-29.432243,,2022-08-05T20:43:00.000+02:00,2022-08-05T20:44:00.000+02:00
0,-22.816122,,-29.805824,,2022-11-22T23:09:00.000+01:00,2022-11-22T23:10:00.000+01:00
0,,,,,2022-06-27T22:57:00.000+02:00,2022-06-27T22:58:00.000+02:00
0,-23.305824,,-30.433666,,2022-10-21T16:32:00.000+02:00,2022-10-21T16:33:00.000+02:00
0,-23.947868,,-30.846308,,2022-10-27T11:16:00.000+02:00,2022-10-27T11:17:00.000+02:00
0,-22.215626,,-29.454262,,2022-08-06T19:26:00.000+02:00,2022-08-06T19:27:00.000+02:00
0,-22.453196,,-29.639986,,2022-06-08T09:42:00.000+02:00,2022-06-08T09:43:00.000+02:00
0,-22.48409,,-30.062216,,2022-11-12T02:20:00.000+01:00,2022-11-12T02:21:00.000+01:00
0,-22.355894,,-29.605185,,2022-07-30T14:43:00.000+02:00,2022-07-30T14:44:00.000+02:00
0,-22.335299,,-29.379332,,2022-10-28T21:20:00.000+02:00,2022-10-28T21:21:00.000+02:00
0,-21.093466,,-29.35767,,2022-12-27T13:28:00.000+01:00,2022-12-27T13:29:00.000+01:00
1,-22.928694,,-28.744034,,2022-09-16T21:24:00.000+02:00,2022-09-16T21:25:00.000+02:00
0,-23.033451,,-29.93544,,2022-10-12T00:29:00.000+02:00,2022-10-12T00:30:00.000+02:00
0,-22.2625,,-29.427982,,2022-11-01T21:54:00.000+01:00,2022-11-01T21:55:00.000+01:00
0,-22.508595,,-29.485157,,2022-12-07T22:43:00.000+01:00,2022-12-07T22:44:00.000+01:00
0,-22.815056,,-29.692543,,2022-11-24T20:02:00.000+01:00,2022-11-24T20:03:00.000+01:00
0,-22.44574,,-29.723793,,2022-07-24T10:56:00.000+02:00,2022-07-24T10:57:00.000+02:00
0,-22.593822,,-28.789845,,2022-06-21T00:07:00.000+02:00,2022-06-21T00:08:00.000+02:00
0,-22.224148,,-29.213493,,2022-08-30T03:16:00.000+02:00,2022-08-30T03:17:00.000+02:00
0,-22.146378,,-29.267471,,2022-07-28T02:16:00.000+02:00,2022-07-28T02:17:00.000+02:00
0,-22.349857,,-29.263565,,2022-05-27T02:02:00.000+02:00,2022-05-27T02:03:00.000+02:00
0,-22.51818,,-29.580683,,2022-05-28T14:52:00.000+02:00,2022-05-28T14:53:00.000+02:00
0,-20.786293,,-29.147444,,2022-12-17T06:07:00.000+01:00,2022-12-17T06:08:00.000+01:00
0,-22.208168,,-29.41449,,2022-10-30T18:21:00.000+01:00,2022-10-30T18:22:00.000+01:00
0,-22.197514,,-29.343466,,2022-08-14T18:48:00.000+02:00,2022-08-14T18:49:00.000+02:00
0,-22.347017,,-29.362288,,2022-06-15T08:45:00.000+02:00,2022-06-15T08:46:00.000+02:00
0,,,,,2022-05-19T22:34:00.000+02:00,2022-05-19T22:35:00.000+02:00
0,-22.684376,,-29.644602,,2022-11-18T23:47:00.000+01:00,2022-11-18T23:48:00.000+01:00
0,-20.619743,,-29.098438,,2022-12-23T04:51:00.000+01:00,2022-12-23T04:52:00.000+01:00
0,-22.38963,,-29.361221,,2022-06-15T02:26:00.000+02:00,2022-06-15T02:27:00.000+02:00
0,-23.079262,,-29.940056,,2022-08-26T01:09:00.000+02:00,2022-08-26T01:10:00.000+02:00
0,,,,,2022-05-19T22:51:00.000+02:00,2022-05-19T22:52:00.000+02:00
0,-22.610867,,-29.604118,,2022-06-24T13:50:00.000+02:00,2022-06-24T13:51:00.000+02:00
0,-22.050142,,-29.3527,,2022-08-10T20:01:00.000+02:00,2022-08-10T20:02:00.000+02:00
0,-22.339205,,-29.396378,,2022-08-01T01:31:00.000+02:00,2022-08-01T01:32:00.000+02:00
0,-22.96243,,-30.124716,,2022-11-21T21:30:00.000+01:00,2022-11-21T21:31:00.000+01:00
0,,,,,2022-06-29T12:55:00.000+02:00,2022-06-29T12:56:00.000+02:00
0,-23.534163,,-30.451775,,2022-12-03T14:06:00.000+01:00,2022-12-03T14:07:00.000+01:00
0,-23.13537,,-30.147444,,2022-10-05T01:27:00.000+02:00,2022-10-05T01:28:00.000+02:00
0,-22.454617,,-29.3875,,2022-12-07T23:18:00.000+01:00,2022-12-07T23:19:00.000+01:00
0,-22.382174,,-29.500782,,2022-06-12T18:20:00.000+02:00,2022-06-12T18:21:00.000+02:00
0,-22.806889,,-29.597372,,2022-09-19T16:43:00.000+02:00,2022-09-19T16:44:00.000+02:00
0,-22.531677,,-29.476278,,2022-07-16T02:04:00.000+02:00,2022-07-16T02:05:00.000+02:00
0,-22.099148,,-29.189701,,2022-07-23T00:46:00.000+02:00,2022-07-23T00:47:00.000+02:00
1,-22.904545,,-28.657032,,2022-06-17T12:57:00.000+02:00,2022-06-17T12:58:00.000+02:00
0,-22.228409,,-29.224857,,2022-06-13T04:00:00.000+02:00,2022-06-13T04:01:00.000+02:00
0,-23.321804,,-30.555824,,2022-12-02T00:03:00.000+01:00,2022-12-02T00:04:00.000+01:00
0,-23.03416,,-30.056889,,2022-09-28T16:39:00.000+02:00,2022-09-28T16:40:00.000+02:00
0,-22.459942,,-29.646732,,2022-07-21T12:09:00.000+02:00,2022-07-21T12:10:00.000+02:00
0,-22.03132,,-29.100924,,2022-07-23T04:24:00.000+02:00,2022-07-23T04:25:00.000+02:00
0,-22.075,,-29.164845,,2022-08-19T03:57:00.000+02:00,2022-08-19T03:58:00.000+02:00
0,-22.434021,,-29.474148,,2022-09-08T13:22:00.000+02:00,2022-09-08T13:23:00.000+02:00
0,,,,,2022-05-27T21:59:00.000+02:00,2022-05-27T22:00:00.000+02:00
0,-22.413069,,-29.644957,,2022-10-29T17:40:00.000+02:00,2022-10-29T17:41:00.000+02:00
0,-22.485512,,-29.52919,,2022-06-16T17:26:00.000+02:00,2022-06-16T17:27:00.000+02:00
0,-22.963139,,-29.847372,,2022-09-29T02:42:00.000+02:00,2022-09-29T02:43:00.000+02:00
0,-22.30831,,-29.332458,,2022-07-13T02:03:00.000+02:00,2022-07-13T02:04:00.000+02:00
0,-23.772799,,-31.005753,,2022-11-27T14:05:00.000+01:00,2022-11-27T14:06:00.000+01:00
0,-23.502556,,-30.283806,,2022-12-03T08:24:00.000+01:00,2022-12-03T08:25:00.000+01:00
0,-23.488352,,-30.621876,,2022-11-28T00:59:00.000+01:00,2022-11-28T01:00:00.000+01:00
0,-22.71243,,-29.45568,,2022-07-01T10:12:00.000+02:00,2022-07-01T10:13:00.000+02:00
0,-22.993324,,-29.79375,,2022-09-18T11:00:00.000+02:00,2022-09-18T11:01:00.000+02:00
0,-22.940767,,-29.744745,,2022-09-27T23:56:00.000+02:00,2022-09-27T23:57:00.000+02:00
0,-22.456038,,-29.594532,,2022-07-15T20:51:00.000+02:00,2022-07-15T20:52:00.000+02:00
0,-22.228764,,-29.371876,,2022-09-06T21:08:00.000+02:00,2022-09-06T21:09:00.000+02:00
0,-22.344887,,-29.40135,,2022-09-11T16:59:00.000+02:00,2022-09-11T17:00:00.000+02:00
1,-26.378267,,-25.352345,,2022-06-16T03:20:00.000+02:00,2022-06-16T03:21:00.000+02:00
0,-22.783806,,-29.501846,,2022-09-19T08:07:00.000+02:00,2022-09-19T08:08:00.000+02:00
0,-22.924076,,-29.968466,,2022-09-29T19:53:00.000+02:00,2022-09-29T19:54:00.000+02:00
0,-23.07642,,-29.784163,,2022-10-01T22:16:00.000+02:00,2022-10-01T22:17:00.000+02:00
0,-22.547657,,-28.4152,,2022-05-20T00:06:00.000+02:00,2022-05-20T00:07:00.000+02:00
0,-22.044815,,-29.133595,,2022-08-12T01:42:00.000+02:00,2022-08-12T01:43:00.000+02:00
0,,,,,2022-06-02T14:27:00.000+02:00,2022-06-02T14:28:00.000+02:00
0,-22.428694,,-29.27777,,2022-07-05T08:30:00.000+02:00,2022-07-05T08:31:00.000+02:00
0,-22.883238,,-28.996876,,2022-09-20T11:37:00.000+02:00,2022-09-20T11:38:00.000+02:00
1,-23.366194,,-28.631107,,2022-07-07T08:01:00.000+02:00,2022-07-07T08:02:00.000+02:00
0,-20.58885,,-29.135725,,2022-12-31T05:00:00.000+01:00,2022-12-31T05:01:00.000+01:00
0,-23.594532,,-30.5299,,2022-10-05T12:47:00.000+02:00,2022-10-05T12:48:00.000+02:00
1,-22.454262,,-29.498295,,2022-06-27T17:00:00.000+02:00,2022-06-27T17:01:00.000+02:00
0,-22.355894,,-29.457102,,2022-12-09T18:24:00.000+01:00,2022-12-09T18:25:00.000+01:00
0,-22.475567,,-29.117615,,2022-09-02T09:10:00.000+02:00,2022-09-02T09:11:00.000+02:00
0,-22.314701,,-29.550852,,2022-08-04T16:57:00.000+02:00,2022-08-04T16:58:00.000+02:00
0,-23.31044,,-30.272087,,2022-10-18T03:37:00.000+02:00,2022-10-18T03:38:00.000+02:00
0,-22.433664,,-29.492258,,2022-06-23T17:42:00.000+02:00,2022-06-23T17:43:00.000+02:00
0,-22.563637,,-28.6375,,2022-06-22T07:44:00.000+02:00,2022-06-22T07:45:00.000+02:00
0,-22.116549,,-29.144958,,2022-09-03T04:23:00.000+02:00,2022-09-03T04:24:00.000+02:00
0,-21.017471,,-29.257528,,2022-12-26T12:34:00.000+01:00,2022-12-26T12:35:00.000+01:00
1,-23.029545,,-29.047657,,2022-09-23T07:42:00.000+02:00,2022-09-23T07:43:00.000+02:00
0,-23.579262,,-30.191122,,2022-08-23T14:13:00.000+02:00,2022-08-23T14:14:00.000+02:00
0,-23.209587,,-30.314701,,2022-11-30T05:22:00.000+01:00,2022-11-30T05:23:00.000+01:00
0,-22.438637,,-29.340626,,2022-06-26T08:32:00.000+02:00,2022-06-26T08:33:00.000+02:00
0,-22.653835,,-29.785582,,2022-08-17T11:57:00.000+02:00,2022-08-17T11:58:00.000+02:00
0,-23.40348,,-30.359447,,2022-11-22T08:10:00.000+01:00,2022-11-22T08:11:00.000+01:00
0,-22.585299,,-29.572868,,2022-11-15T00:09:00.000+01:00,2022-11-15T00:10:00.000+01:00
0,-22.62365,,-29.544815,,2022-09-22T04:36:00.000+02:00,2022-09-22T04:37:00.000+02:00
0,-23.412712,,-30.483025,,2022-10-18T20:26:00.000+02:00,2022-10-18T20:27:00.000+02:00
0,-20.542685,,-28.999361,,2022-12-13T23:21:00.000+01:00,2022-12-13T23:22:00.000+01:00
0,-22.346306,,-29.345242,,2022-09-13T17:28:00.000+02:00,2022-09-13T17:29:00.000+02:00
0,-22.29162,,-29.427982,,2022-08-22T21:09:00.000+02:00,2022-08-22T21:10:00.000+02:00
0,-22.646023,,-29.79233,,2022-07-10T16:33:00.000+02:00,2022-07-10T16:34:00.000+02:00
0,-22.56044,,-29.636078,,2022-06-19T10:17:00.000+02:00,2022-06-19T10:18:00.000+02:00
0,-22.157387,,-29.1375,,2022-08-18T06:09:00.000+02:00,2022-08-18T06:10:00.000+02:00
0,-22.406677,,-29.560085,,2022-08-17T16:39:00.000+02:00,2022-08-17T16:40:00.000+02:00
0,-22.467402,,-29.49723,,2022-07-04T00:06:00.000+02:00,2022-07-04T00:07:00.000+02:00
0,-23.306534,,-30.273153,,2022-10-16T21:16:00.000+02:00,2022-10-16T21:17:00.000+02:00
0,-22.825,,-29.809376,,2022-07-01T22:32:00.000+02:00,2022-07-01T22:33:00.000+02:00
0,-23.427982,,-30.7348,,2022-11-20T13:05:00.000+01:00,2022-11-20T13:06:00.000+01:00
0,-22.448225,,-29.507883,,2022-06-04T18:00:00.000+02:00,2022-06-04T18:01:00.000+02:00
0,-22.360867,,-29.391407,,2022-06-05T20:59:00.000+02:00,2022-06-05T21:00:00.000+02:00
1,-22.208878,,-29.323935,,2022-08-22T21:50:00.000+02:00,2022-08-22T21:51:00.000+02:00
1,-22.312216,,-29.103409,,2022-08-16T03:38:00.000+02:00,2022-08-16T03:39:00.000+02:00
0,-20.64034,,-29.136435,,2022-12-20T04:31:00.000+01:00,2022-12-20T04:32:00.000+01:00
0,-22.70142,,-29.99794,,2022-11-09T06:06:00.000+01:00,2022-11-09T06:07:00.000+01:00
0,-22.353054,,-29.517471,,2022-08-21T19:44:00.000+02:00,2022-08-21T19:45:00.000+02:00
0,-22.761435,,-29.854475,,2022-11-18T14:26:00.000+01:00,2022-11-18T14:27:00.000+01:00
0,-22.1201,,-29.329617,,2022-08-18T19:32:00.000+02:00,2022-08-18T19:33:00.000+02:00
0,-23.193962,,-30.249006,,2022-10-22T22:25:00.000+02:00,2022-10-22T22:26:00.000+02:00
0,-22.702486,,-29.720242,,2022-12-10T11:04:00.000+01:00,2022-12-10T11:05:00.000+01:00
0,-21.067898,,-29.329971,,2022-12-29T11:24:00.000+01:00,2022-12-29T11:25:00.000+01:00
0,-22.516052,,-29.470242,,2022-10-30T06:29:00.000+01:00,2022-10-30T06:30:00.000+01:00
0,-22.415909,,-29.325356,,2022-07-01T00:56:00.000+02:00,2022-07-01T00:57:00.000+02:00
0,-22.795527,,-29.831036,,2022-11-01T08:31:00.000+01:00,2022-11-01T08:32:00.000+01:00
0,-22.21598,,-29.419815,,2022-08-07T21:36:00.000+02:00,2022-08-07T21:37:00.000+02:00
0,-23.160227,,-30.15064,,2022-10-07T21:20:00.000+02:00,2022-10-07T21:21:00.000+02:00
0,-22.815767,,-29.828196,,2022-10-31T10:22:00.000+01:00,2022-10-31T10:23:00.000+01:00
0,-22.487642,,-29.563637,,2022-08-19T13:40:00.000+02:00,2022-08-19T13:41:00.000+02:00
0,-22.101988,,-29.192188,,2022-08-06T04:22:00.000+02:00,2022-08-06T04:23:00.000+02:00
0,-23.389986,,-30.452131,,2022-10-19T22:01:00.000+02:00,2022-10-19T22:02:00.000+02:00
0,-21.135723,,-29.284163,,2022-12-19T12:10:00.000+01:00,2022-12-19T12:11:00.000+01:00
0,-22.409517,,-29.400639,,2022-11-16T00:01:00.000+01:00,2022-11-16T00:02:00.000+01:00
0,-20.530256,,-28.910227,,2022-12-12T19:51:00.000+01:00,2022-12-12T19:52:00.000+01:00
1,-22.313992,,-29.02422,,2022-08-27T18:35:00.000+02:00,2022-08-27T18:36:00.000+02:00
0,-22.851633,,-29.786293,,2022-10-28T12:30:00.000+02:00,2022-10-28T12:31:00.000+02:00
0,-22.210653,,-29.20284,,2022-06-23T05:02:00.000+02:00,2022-06-23T05:03:00.000+02:00
0,-20.542685,,-29.093111,,2022-12-28T00:07:00.000+01:00,2022-12-28T00:08:00.000+01:00
0,-20.73409,,-29.102345,,2022-12-18T06:54:00.000+01:00,2022-12-18T06:55:00.000+01:00
0,-22.504333,,-29.555115,,2022-06-24T16:54:00.000+02:00,2022-06-24T16:55:00.000+02:00
0,-21.11868,,-29.30831,,2022-12-21T10:05:00.000+01:00,2022-12-21T10:06:00.000+01:00
0,-23.652771,,-30.71172,,2022-11-26T07:08:00.000+01:00,2022-11-26T07:09:00.000+01:00
1,-22.219175,,-29.255753,,2022-08-08T01:56:00.000+02:00,2022-08-08T01:57:00.000+02:00
0,-21.006107,,-29.24297,,2022-12-24T12:17:00.000+01:00,2022-12-24T12:18:00.000+01:00
0,-23.958523,,-31.135014,,2022-12-01T09:54:00.000+01:00,2022-12-01T09:55:00.000+01:00
0,-22.254333,,-29.533806,,2022-08-07T18:56:00.000+02:00,2022-08-07T18:57:00.000+02:00
0,-22.802273,,-29.479475,,2022-11-03T04:02:00.000+01:00,2022-11-03T04:03:00.000+01:00
0,-22.512856,,-29.48196,,2022-07-16T23:45:00.000+02:00,2022-07-16T23:46:00.000+02:00
0,-22.951065,,-30.011435,,2022-08-22T12:04:00.000+02:00,2022-08-22T12:05:00.000+02:00
1,-24.385014,,-27.020313,,2022-06-29T17:44:00.000+02:00,2022-06-29T17:45:00.000+02:00
0,-22.308664,,-28.639986,,2022-11-05T22:07:00.000+01:00,2022-11-05T22:08:00.000+01:00
0,-23.511435,,-30.266052,,2022-10-05T09:13:00.000+02:00,2022-10-05T09:14:00.000+02:00
0,-22.148508,,-29.300497,,2022-08-13T21:27:00.000+02:00,2022-08-13T21:28:00.000+02:00
0,-22.71669,,-29.90419,,2022-07-04T13:23:00.000+02:00,2022-07-04T13:24:00.000+02:00
0,-23.637144,,-30.191833,,2022-08-27T12:38:00.000+02:00,2022-08-27T12:39:00.000+02:00
0,-22.627556,,-29.680824,,2022-09-07T11:54:00.000+02:00,2022-09-07T11:55:00.000+02:00
0,-22.182245,,-29.18118,,2022-12-12T01:21:00.000+01:00,2022-12-12T01:22:00.000+01:00
0,-20.551563,,-29.144247,,2022-12-28T03:34:00.000+01:00,2022-12-28T03:35:00.000+01:00
0,-23.474503,,-30.38821,,2022-11-23T08:15:00.000+01:00,2022-11-23T08:16:00.000+01:00
0,-22.678694,,-29.713493,,2022-07-02T05:36:00.000+02:00,2022-07-02T05:37:00.000+02:00
0,-22.883595,,-29.95568,,2022-08-25T16:34:00.000+02:00,2022-08-25T16:35:00.000+02:00
0,-22.254332,,-29.049788,,2022-06-26T05:54:00.000+02:00,2022-06-26T05:55:00.000+02:00
0,-22.099148,,-29.198225,,2022-08-09T03:41:00.000+02:00,2022-08-09T03:42:00.000+02:00
0,-22.334944,,-29.627913,,2022-08-10T15:32:00.000+02:00,2022-08-10T15:33:00.000+02:00
0,-23.755398,,-30.857315,,2022-10-26T16:08:00.000+02:00,2022-10-26T16:09:00.000+02:00
0,-22.153126,,-29.378977,,2022-08-06T22:08:00.000+02:00,2022-08-06T22:09:00.000+02:00
1,-22.254333,,-29.18402,,2022-05-30T07:13:00.000+02:00,2022-05-30T07:14:00.000+02:00
0,-23.34169,,-30.267471,,2022-10-13T14:24:00.000+02:00,2022-10-13T14:25:00.000+02:00
0,-22.759304,,-29.882174,,2022-05-25T11:38:00.000+02:00,2022-05-25T11:39:00.000+02:00
0,-22.199646,,-29.097727,,2022-09-11T01:44:00.000+02:00,2022-09-11T01:45:00.000+02:00
0,-22.329617,,-29.44645,,2022-07-11T02:13:00.000+02:00,2022-07-11T02:14:00.000+02:00
0,-22.627556,,-29.716335,,2022-06-27T15:02:00.000+02:00,2022-06-27T15:03:00.000+02:00
0,-22.71527,,-29.942898,,2022-10-30T15:08:00.000+01:00,2022-10-30T15:09:00.000+01:00
0,-22.165909,,-29.246521,,2022-08-05T03:25:00.000+02:00,2022-08-05T03:26:00.000+02:00
0,-22.953552,,-29.903835,,2022-10-04T03:49:00.000+02:00,2022-10-04T03:50:00.000+02:00
0,-22.530611,,-29.697514,,2022-12-10T14:28:00.000+01:00,2022-12-10T14:29:00.000+01:00
0,-23.496876,,-30.445028,,2022-10-11T14:07:00.000+02:00,2022-10-11T14:08:00.000+02:00
0,-22.31044,,-29.45284,,2022-07-18T02:05:00.000+02:00,2022-07-18T02:06:00.000+02:00
0,-22.29375,,-29.253977,,2022-06-05T02:36:00.000+02:00,2022-06-05T02:37:00.000+02:00
0,-23.25895,,-30.248295,,2022-10-15T21:33:00.000+02:00,2022-10-15T21:34:00.000+02:00
1,-23.027771,,-29.853054,,2022-10-03T05:16:00.000+02:00,2022-10-03T05:17:00.000+02:00
0,-22.126846,,-29.089205,,2022-09-04T05:00:00.000+02:00,2022-09-04T05:01:00.000+02:00
0,-22.486221,,-29.572868,,2022-06-11T14:10:00.000+02:00,2022-06-11T14:11:00.000+02:00
0,-23.96882,,-30.895668,,2022-10-27T11:20:00.000+02:00,2022-10-27T11:21:00.000+02:00
0,-22.462074,,-29.610157,,2022-08-22T16:08:00.000+02:00,2022-08-22T16:09:00.000+02:00
0,-22.777416,,-29.830326,,2022-06-07T12:06:00.000+02:00,2022-06-07T12:07:00.000+02:00
0,-23.23196,,-29.996166,,2022-10-12T07:22:00.000+02:00,2022-10-12T07:23:00.000+02:00
1,-25.161293,,-27.925142,,2022-11-11T18:47:00.000+01:00,2022-11-11T18:48:00.000+01:00
0,-22.52635,,-29.579262,,2022-09-11T14:43:00.000+02:00,2022-09-11T14:44:00.000+02:00
0,-22.639275,,-29.749006,,2022-05-27T11:15:00.000+02:00,2022-05-27T11:16:00.000+02:00
0,-22.629333,,-29.612997,,2022-09-09T11:03:00.000+02:00,2022-09-09T11:04:00.000+02:00
0,-24.066122,,-30.733025,,2022-08-26T15:36:00.000+02:00,2022-08-26T15:37:00.000+02:00
0,-23.425142,,-30.643538,,2022-12-02T15:12:00.000+01:00,2022-12-02T15:13:00.000+01:00
0,-22.091335,,-29.24794,,2022-07-26T01:26:00.000+02:00,2022-07-26T01:27:00.000+02:00
0,-22.147087,,-29.35199,,2022-07-19T21:35:00.000+02:00,2022-07-19T21:36:00.000+02:00
0,-23.270313,,-30.134659,,2022-10-05T23:21:00.000+02:00,2022-10-05T23:22:00.000+02:00
0,-23.2625,,-30.298721,,2022-10-16T20:47:00.000+02:00,2022-10-16T20:48:00.000+02:00
0,-22.334587,,-29.164133,,2022-12-12T06:56:00.000+01:00,2022-12-12T06:57:00.000+01:00
0,-22.94858,,-29.610512,,2022-09-23T09:06:00.000+02:00,2022-09-23T09:07:00.000+02:00
0,-20.847727,,-29.16875,,2022-12-27T09:10:00.000+01:00,2022-12-27T09:11:00.000+01:00
0,-20.545881,,-28.974503,,2022-12-19T02:23:00.000+01:00,2022-12-19T02:24:00.000+01:00
0,-20.801208,,-29.124006,,2022-12-15T14:57:00.000+01:00,2022-12-15T14:58:00.000+01:00
0,,,,,2022-05-28T21:03:00.000+02:00,2022-05-28T21:04:00.000+02:00
0,-22.539133,,-29.287712,,2022-09-15T06:16:00.000+02:00,2022-09-15T06:17:00.000+02:00
0,-23.890696,,-30.702131,,2022-12-05T22:09:00.000+01:00,2022-12-05T22:10:00.000+01:00
0,-23.187216,,-30.160229,,2022-10-23T01:57:00.000+02:00,2022-10-23T01:58:00.000+02:00
0,-24.076065,,-31.191122,,2022-11-26T08:47:00.000+01:00,2022-11-26T08:48:00.000+01:00
1,-22.814346,,-28.35909,,2022-10-31T22:38:00.000+01:00,2022-10-31T22:39:00.000+01:00
0,-22.59027,,-29.646023,,2022-07-09T22:51:00.000+02:00,2022-07-09T22:52:00.000+02:00
0,-20.605185,,-29.137146,,2022-12-23T03:39:00.000+01:00,2022-12-23T03:40:00.000+01:00
0,-23.361576,,-30.251846,,2022-08-24T15:26:00.000+02:00,2022-08-24T15:27:00.000+02:00
0,-23.083523,,-30.011435,,2022-10-12T22:06:00.000+02:00,2022-10-12T22:07:00.000+02:00
0,-22.789133,,-30.219532,,2022-11-29T17:41:00.000+01:00,2022-11-29T17:42:00.000+01:00
0,-22.872585,,-29.630043,,2022-09-24T07:53:00.000+02:00,2022-09-24T07:54:00.000+02:00
1,-22.742615,,-28.744743,,2022-05-21T20:17:00.000+02:00,2022-05-21T20:18:00.000+02:00
0,-22.375782,,-29.521378,,2022-05-19T16:23:00.000+02:00,2022-05-19T16:24:00.000+02:00
0,-20.709944,,-29.053337,,2022-12-23T16:05:00.000+01:00,2022-12-23T16:06:00.000+01:00
0,-22.12081,,-29.35483,,2022-07-24T19:18:00.000+02:00,2022-07-24T19:19:00.000+02:00
0,-22.580326,,-29.33956,,2022-05-22T16:28:00.000+02:00,2022-05-22T16:29:00.000+02:00
0,-23.209944,,-30.301563,,2022-11-30T05:28:00.000+01:00,2022-11-30T05:29:00.000+01:00
0,-20.872585,,-29.226278,,2022-12-29T14:38:00.000+01:00,2022-12-29T14:39:00.000+01:00
0,-22.425142,,-29.660583,,2022-08-07T08:58:00.000+02:00,2022-08-07T08:59:00.000+02:00
0,-20.480185,,-28.975212,,2022-12-23T22:12:00.000+01:00,2022-12-23T22:13:00.000+01:00
0,-22.362997,,-29.178694,,2022-09-13T23:24:00.000+02:00,2022-09-13T23:25:00.000+02:00
0,-22.408806,,-29.430824,,2022-05-26T15:54:00.000+02:00,2022-05-26T15:55:00.000+02:00
0,-22.963139,,-29.74368,,2022-09-21T10:15:00.000+02:00,2022-09-21T10:16:00.000+02:00
0,-22.29588,,-29.178337,,2022-09-14T02:49:00.000+02:00,2022-09-14T02:50:00.000+02:00
0,-22.563992,,-29.595242,,2022-08-20T09:02:00.000+02:00,2022-08-20T09:03:00.000+02:00
0,,,,,2022-05-21T23:10:00.000+02:00,2022-05-21T23:11:00.000+02:00
1,-25.576775,,-25.749361,,2022-06-03T20:22:00.000+02:00,2022-06-03T20:23:00.000+02:00
0,-22.288424,,-29.192543,,2022-05-27T04:11:00.000+02:00,2022-05-27T04:12:00.000+02:00
0,-23.568253,,-30.438992,,2022-10-26T06:31:00.000+02:00,2022-10-26T06:32:00.000+02:00
0,-23.012146,,-29.641407,,2022-09-28T05:32:00.000+02:00,2022-09-28T05:33:00.000+02:00
0,-22.08743,,-29.29517,,2022-08-31T21:52:00.000+02:00,2022-08-31T21:53:00.000+02:00
0,-23.552273,,-30.62081,,2022-10-05T14:51:00.000+02:00,2022-10-05T14:52:00.000+02:00
0,-23.461363,,-30.465626,,2022-10-18T16:46:00.000+02:00,2022-10-18T16:47:00.000+02:00
0,-22.04233,,-29.148153,,2022-08-10T06:48:00.000+02:00,2022-08-10T06:49:00.000+02:00
0,-22.983736,,-29.987997,,2022-08-25T18:37:00.000+02:00,2022-08-25T18:38:00.000+02:00
0,,,,,2022-05-26T20:33:00.000+02:00,2022-05-26T20:34:00.000+02:00
0,-22.350214,,-29.452486,,2022-06-07T20:01:00.000+02:00,2022-06-07T20:02:00.000+02:00
0,-22.896023,,-27.45,,2022-06-16T06:59:00.000+02:00,2022-06-16T07:00:00.000+02:00
0,-22.680824,,-29.584589,,2022-09-20T17:56:00.000+02:00,2022-09-20T17:57:00.000+02:00
0,-23.137856,,-30.01392,,2022-09-25T13:36:00.000+02:00,2022-09-25T13:37:00.000+02:00
0,-23.896732,,-30.898508,,2022-10-26T12:48:00.000+02:00,2022-10-26T12:49:00.000+02:00
0,-22.621876,,-29.878622,,2022-08-07T12:10:00.000+02:00,2022-08-07T12:11:00.000+02:00
0,-23.176208,,-30.21385,,2022-07-08T02:32:00.000+02:00,2022-07-08T02:33:00.000+02:00
0,,,,,2022-05-28T23:44:00.000+02:00,2022-05-28T23:45:00.000+02:00
0,-22.521023,,-29.395668,,2022-06-16T21:30:00.000+02:00,2022-06-16T21:31:00.000+02:00
0,-22.52493,,-29.349503,,2022-07-15T09:45:00.000+02:00,2022-07-15T09:46:00.000+02:00
1,-23.256819,,-28.176918,,2022-07-01T04:21:00.000+02:00,2022-07-01T04:22:00.000+02:00
0,-22.92017,,-30.111221,,2022-07-10T10:15:00.000+02:00,2022-07-10T10:16:00.000+02:00
0,-22.723083,,-29.88821,,2022-11-22T16:05:00.000+01:00,2022-11-22T16:06:00.000+01:00
0,-23.426563,,-29.289845,,2022-09-28T12:15:00.000+02:00,2022-09-28T12:16:00.000+02:00
0,-20.5402,,-29.107315,,2022-12-21T01:45:00.000+01:00,2022-12-21T01:46:00.000+01:00
0,-20.656677,,-29.097017,,2022-12-30T05:58:00.000+01:00,2022-12-30T05:59:00.000+01:00
0,-22.131107,,-29.16946,,2022-08-17T05:09:00.000+02:00,2022-08-17T05:10:00.000+02:00
0,-22.3527,,-29.46385,,2022-07-18T01:23:00.000+02:00,2022-07-18T01:24:00.000+02:00
1,-22.650993,,-29.04233,,2022-06-17T11:41:00.000+02:00,2022-06-17T11:42:00.000+02:00
0,-23.24794,,-30.22699,,2022-10-05T21:53:00.000+02:00,2022-10-05T21:54:00.000+02:00
1,-22.239418,,-29.415909,,2022-08-27T19:39:00.000+02:00,2022-08-27T19:40:00.000+02:00
0,-22.312216,,-29.375782,,2022-10-31T01:33:00.000+01:00,2022-10-31T01:34:00.000+01:00
0,-23.314346,,-30.273508,,2022-10-16T23:04:00.000+02:00,2022-10-16T23:05:00.000+02:00
0,-22.589914,,-29.538778,,2022-09-14T16:40:00.000+02:00,2022-09-14T16:41:00.000+02:00
0,-22.18331,,-29.282032,,2022-07-13T05:31:00.000+02:00,2022-07-13T05:32:00.000+02:00
0,-23.372585,,-30.441832,,2022-10-14T16:49:00.000+02:00,2022-10-14T16:50:00.000+02:00
0,-23.348793,,-30.208168,,2022-06-17T18:55:00.000+02:00,2022-06-17T18:56:00.000+02:00
0,-22.422657,,-29.584944,,2022-07-13T18:31:00.000+02:00,2022-07-13T18:32:00.000+02:00
0,-23.105185,,-30.243324,,2022-10-04T19:09:00.000+02:00,2022-10-04T19:10:00.000+02:00
0,-22.983025,,-30.05973,,2022-10-03T17:51:00.000+02:00,2022-10-03T17:52:00.000+02:00
0,-22.45142,,-29.598793,,2022-05-19T14:02:00.000+02:00,2022-05-19T14:03:00.000+02:00
0,-23.137856,,-30.175497,,2022-11-20T07:41:00.000+01:00,2022-11-20T07:42:00.000+01:00
0,-23.877556,,-31.135725,,2022-12-01T10:41:00.000+01:00,2022-12-01T10:42:00.000+01:00
0,-23.715626,,-30.778835,,2022-10-19T14:51:00.000+02:00,2022-10-19T14:52:00.000+02:00
0,-23.165554,,-30.193962,,2022-10-13T15:59:00.000+02:00,2022-10-13T16:00:00.000+02:00
0,-22.252913,,-29.301208,,2022-09-03T23:06:00.000+02:00,2022-09-03T23:07:00.000+02:00
0,-23.45142,,-30.32358,,2022-10-03T13:28:00.000+02:00,2022-10-03T13:29:00.000+02:00
0,-23.26321,,-30.154545,,2022-12-03T03:44:00.000+01:00,2022-12-03T03:45:00.000+01:00
0,-22.269247,,-28.70213,,2022-05-20T03:51:00.000+02:00,2022-05-20T03:52:00.000+02:00
0,-23.918396,,-31.137146,,2022-11-26T12:49:00.000+01:00,2022-11-26T12:50:00.000+01:00
0,-20.488352,,-29.038424,,2022-12-26T22:46:00.000+01:00,2022-12-26T22:47:00.000+01:00
0,-22.728764,,-29.688992,,2022-07-09T03:39:00.000+02:00,2022-07-09T03:40:00.000+02:00
0,-22.740839,,-29.391407,,2022-06-17T14:53:00.000+02:00,2022-06-17T14:54:00.000+02:00
1,-22.740128,,-29.536648,,2022-07-07T01:36:00.000+02:00,2022-07-07T01:37:00.000+02:00
0,-22.313992,,-29.30476,,2022-06-27T05:18:00.000+02:00,2022-06-27T05:19:00.000+02:00
0,-22.470951,,-29.56115,,2022-06-23T15:38:00.000+02:00,2022-06-23T15:39:00.000+02:00
0,-22.879688,,-29.902414,,2022-09-27T18:10:00.000+02:00,2022-09-27T18:11:00.000+02:00
0,-22.81044,,-30.224148,,2022-11-19T21:12:00.000+01:00,2022-11-19T21:13:00.000+01:00
0,-22.40419,,-29.394602,,2022-05-27T18:31:00.000+02:00,2022-05-27T18:32:00.000+02:00
0,-23.73054,,-30.757174,,2022-10-15T14:21:00.000+02:00,2022-10-15T14:22:00.000+02:00
0,-20.53949,,-29.050497,,2022-12-29T23:08:00.000+01:00,2022-12-29T23:09:00.000+01:00
0,-22.142828,,-28.996876,,2022-12-10T03:49:00.000+01:00,2022-12-10T03:50:00.000+01:00
0,-22.933666,,-29.95284,,2022-10-09T17:35:00.000+02:00,2022-10-09T17:36:00.000+02:00
1,-22.296946,,-28.561861,,2022-05-20T02:32:00.000+02:00,2022-05-20T02:33:00.000+02:00
0,-22.533096,,-29.517826,,2022-11-04T02:52:00.000+01:00,2022-11-04T02:53:00.000+01:00
1,-22.74794,,-29.671236,,2022-07-09T02:15:00.000+02:00,2022-07-09T02:16:00.000+02:00
0,-22.455683,,-29.484447,,2022-07-12T17:32:00.000+02:00,2022-07-12T17:33:00.000+02:00
0,-22.583168,,-29.516407,,2022-06-28T08:36:00.000+02:00,2022-06-28T08:37:00.000+02:00
0,-23.505753,,-30.344177,,2022-10-10T15:04:00.000+02:00,2022-10-10T15:05:00.000+02:00
0,-22.255043,,-29.398508,,2022-08-29T19:22:00.000+02:00,2022-08-29T19:23:00.000+02:00
0,-22.771378,,-28.280966,,2022-05-22T09:48:00.000+02:00,2022-05-22T09:49:00.000+02:00
0,-22.673721,,-30.103054,,2022-11-12T06:50:00.000+01:00,2022-11-12T06:51:00.000+01:00
0,-23.282742,,-30.033808,,2022-10-07T05:45:00.000+02:00,2022-10-07T05:46:00.000+02:00
0,-23.523153,,-30.613708,,2022-11-28T02:49:00.000+01:00,2022-11-28T02:50:00.000+01:00
0,-23.099503,,-29.969177,,2022-11-14T06:33:00.000+01:00,2022-11-14T06:34:00.000+01:00
0,-22.377913,,-29.492615,,2022-06-13T19:06:00.000+02:00,2022-06-13T19:07:00.000+02:00
0,-22.534517,,-29.714916,,2022-12-11T14:24:00.000+01:00,2022-12-11T14:25:00.000+01:00
0,-23.726988,,-30.196804,,2022-08-26T23:05:00.000+02:00,2022-08-26T23:06:00.000+02:00
0,-23.601988,,-30.64034,,2022-11-21T10:14:00.000+01:00,2022-11-21T10:15:00.000+01:00
0,-22.23196,,-29.188992,,2022-05-19T04:20:00.000+02:00,2022-05-19T04:21:00.000+02:00
0,-22.408096,,-29.482315,,2022-09-01T14:56:00.000+02:00,2022-09-01T14:57:00.000+02:00
0,-22.93544,,-29.682955,,2022-09-20T10:39:00.000+02:00,2022-09-20T10:40:00.000+02:00
0,-22.461008,,-29.56257,,2022-11-03T21:45:00.000+01:00,2022-11-03T21:46:00.000+01:00
0,-23.599503,,-30.785583,,2022-11-22T12:06:00.000+01:00,2022-11-22T12:07:00.000+01:00
0,-23.148153,,-30.163424,,2022-11-21T07:07:00.000+01:00,2022-11-21T07:08:00.000+01:00
0,-22.592045,,-29.650995,,2022-06-04T16:42:00.000+02:00,2022-06-04T16:43:00.000+02:00
0,-22.688282,,-29.453552,,2022-09-25T06:11:00.000+02:00,2022-09-25T06:12:00.000+02:00
0,-22.627201,,-29.647799,,2022-09-25T20:03:00.000+02:00,2022-09-25T20:04:00.000+02:00
0,-22.684376,,-29.854475,,2022-11-05T15:28:00.000+01:00,2022-11-05T15:29:00.000+01:00
0,-20.532032,,-29.087074,,2022-12-15T00:46:00.000+01:00,2022-12-15T00:47:00.000+01:00
0,-24.089205,,-30.930113,,2022-10-27T12:47:00.000+02:00,2022-10-27T12:48:00.000+02:00
0,-22.240128,,-29.054049,,2022-08-28T04:48:00.000+02:00,2022-08-28T04:49:00.000+02:00
0,-22.463139,,-29.51179,,2022-09-08T13:05:00.000+02:00,2022-09-08T13:06:00.000+02:00
0,-22.244389,,-29.443253,,2022-07-30T18:39:00.000+02:00,2022-07-30T18:40:00.000+02:00
0,-22.259304,,-29.230896,,2022-06-29T06:07:00.000+02:00,2022-06-29T06:08:00.000+02:00
0,-22.628977,,-29.622585,,2022-09-19T17:54:00.000+02:00,2022-09-19T17:55:00.000+02:00
0,-23.374006,,-30.678337,,2022-11-23T16:15:00.000+01:00,2022-11-23T16:16:00.000+01:00
0,-24.004688,,-30.87791,,2022-10-27T09:54:00.000+02:00,2022-10-27T09:55:00.000+02:00
0,-22.323935,,-29.300852,,2022-06-14T01:29:00.000+02:00,2022-06-14T01:30:00.000+02:00
0,-22.416975,,-29.374361,,2022-09-13T16:29:00.000+02:00,2022-09-13T16:30:00.000+02:00
0,-23.425852,,-30.08956,,2022-10-17T05:54:00.000+02:00,2022-10-17T05:55:00.000+02:00
0,-22.409872,,-29.49652,,2022-06-06T16:57:00.000+02:00,2022-06-06T16:58:00.000+02:00
0,,,,,2022-06-06T21:16:00.000+02:00,2022-06-06T21:17:00.000+02:00
0,-22.662357,,-29.858381,,2022-07-04T13:36:00.000+02:00,2022-07-04T13:37:00.000+02:00
0,-22.483381,,-29.58885,,2022-07-18T11:57:00.000+02:00,2022-07-18T11:58:00.000+02:00
0,-22.941477,,-29.85554,,2022-10-01T02:44:00.000+02:00,2022-10-01T02:45:00.000+02:00
0,-22.26179,,-29.132885,,2022-09-01T17:26:00.000+02:00,2022-09-01T17:27:00.000+02:00
0,-22.757528,,-29.48196,,2022-11-03T04:35:00.000+01:00,2022-11-03T04:36:00.000+01:00
0,-22.08068,,-29.28132,,2022-08-19T21:43:00.000+02:00,2022-08-19T21:44:00.000+02:00
0,-22.482315,,-29.551208,,2022-05-28T15:12:00.000+02:00,2022-05-28T15:13:00.000+02:00
0,-22.246876,,-29.203907,,2022-08-31T08:04:00.000+02:00,2022-08-31T08:05:00.000+02:00
0,-22.523865,,-29.637144,,2022-05-28T08:55:00.000+02:00,2022-05-28T08:56:00.000+02:00
0,-20.48409,,-28.891407,,2022-12-16T18:20:00.000+01:00,2022-12-16T18:21:00.000+01:00
0,-22.733736,,-29.805113,,2022-06-10T13:33:00.000+02:00,2022-06-10T13:34:00.000+02:00
0,-23.91733,,-30.795881,,2022-10-15T11:33:00.000+02:00,2022-10-15T11:34:00.000+02:00
0,,,,,2022-06-04T21:37:00.000+02:00,2022-06-04T21:38:00.000+02:00
0,-23.096663,,-29.979475,,2022-08-25T22:31:00.000+02:00,2022-08-25T22:32:00.000+02:00
0,-22.507528,,-29.589914,,2022-07-15T20:19:00.000+02:00,2022-07-15T20:20:00.000+02:00
0,-20.668396,,-29.032387,,2022-12-24T06:48:00.000+01:00,2022-12-24T06:49:00.000+01:00
0,-24.053694,,-30.977345,,2022-10-26T10:43:00.000+02:00,2022-10-26T10:44:00.000+02:00
0,-22.840626,,-29.958878,,2022-07-06T06:37:00.000+02:00,2022-07-06T06:38:00.000+02:00
0,-22.532387,,-29.795525,,2022-08-07T15:12:00.000+02:00,2022-08-07T15:13:00.000+02:00
0,-23.244743,,-30.25824,,2022-11-21T07:19:00.000+01:00,2022-11-21T07:20:00.000+01:00
0,-22.244389,,-29.225924,,2022-09-04T23:29:00.000+02:00,2022-09-04T23:30:00.000+02:00
0,-22.14922,,-29.162003,,2022-08-18T04:13:00.000+02:00,2022-08-18T04:14:00.000+02:00
1,-22.32784,,-29.437927,,2022-07-18T03:28:00.000+02:00,2022-07-18T03:29:00.000+02:00
0,-22.610512,,-29.613352,,2022-09-18T17:40:00.000+02:00,2022-09-18T17:41:00.000+02:00
1,-23.71243,,-30.860512,,2022-12-01T12:18:00.000+01:00,2022-12-01T12:19:00.000+01:00
0,-22.338848,,-29.455683,,2022-08-12T12:07:00.000+02:00,2022-08-12T12:08:00.000+02:00
0,-22.49368,,-29.527414,,2022-05-26T08:59:00.000+02:00,2022-05-26T09:00:00.000+02:00
0,-22.538778,,-29.652771,,2022-09-23T21:27:00.000+02:00,2022-09-23T21:28:00.000+02:00
0,-23.282387,,-30.391762,,2022-10-15T19:08:00.000+02:00,2022-10-15T19:09:00.000+02:00
0,-22.547657,,-29.425497,,2022-06-26T22:19:00.000+02:00,2022-06-26T22:20:00.000+02:00
0,-23.256107,,-30.335299,,2022-09-08T17:34:00.000+02:00,2022-09-08T17:35:00.000+02:00
0,-23.253622,,-30.329971,,2022-10-14T19:53:00.000+02:00,2022-10-14T19:54:00.000+02:00
0,-23.735157,,-31.256107,,2022-11-26T13:29:00.000+01:00,2022-11-26T13:30:00.000+01:00
1,-22.432955,,-29.14105,,2022-08-29T03:14:00.000+02:00,2022-08-29T03:15:00.000+02:00
0,-22.264275,,-29.139986,,2022-09-11T23:05:00.000+02:00,2022-09-11T23:06:00.000+02:00
0,-23.304049,,-30.54304,,2022-12-02T00:45:00.000+01:00,2022-12-02T00:46:00.000+01:00
0,-22.430115,,-29.21101,,2022-05-18T00:27:00.000+02:00,2022-05-18T00:28:00.000+02:00
0,-23.267471,,-30.164133,,2022-10-07T22:06:00.000+02:00,2022-10-07T22:07:00.000+02:00
0,-22.124361,,-29.345596,,2022-12-11T18:05:00.000+01:00,2022-12-11T18:06:00.000+01:00
0,-23.13324,,-29.990837,,2022-09-26T13:24:00.000+02:00,2022-09-26T13:25:00.000+02:00
0,-23.480185,,-30.614063,,2022-10-24T17:18:00.000+02:00,2022-10-24T17:19:00.000+02:00
0,-22.915909,,-29.833168,,2022-10-01T02:07:00.000+02:00,2022-10-01T02:08:00.000+02:00
0,-22.626846,,-29.577486,,2022-09-22T03:49:00.000+02:00,2022-09-22T03:50:00.000+02:00
0,-22.585653,,-30.243324,,2022-11-08T20:35:00.000+01:00,2022-11-08T20:36:00.000+01:00
0,-20.41449,,-28.968111,,2022-12-30T18:24:00.000+01:00,2022-12-30T18:25:00.000+01:00
0,-22.379688,,-29.441833,,2022-05-21T18:20:00.000+02:00,2022-05-21T18:21:00.000+02:00
0,-22.301918,,-29.227345,,2022-05-27T02:24:00.000+02:00,2022-05-27T02:25:00.000+02:00
0,-22.455326,,-29.692898,,2022-08-09T12:15:00.000+02:00,2022-08-09T12:16:00.000+02:00
0,-20.557243,,-28.985157,,2022-12-19T22:49:00.000+01:00,2022-12-19T22:50:00.000+01:00
1,-22.951775,,-29.326775,,2022-10-09T20:09:00.000+02:00,2022-10-09T20:10:00.000+02:00
0,-23.05831,,-30.017471,,2022-09-24T14:38:00.000+02:00,2022-09-24T14:39:00.000+02:00
0,-22.050854,,-29.082813,,2022-08-12T03:52:00.000+02:00,2022-08-12T03:53:00.000+02:00
0,,,,,2022-05-31T23:40:00.000+02:00,2022-05-31T23:41:00.000+02:00
0,-23.767117,,-30.788069,,2022-11-26T10:44:00.000+01:00,2022-11-26T10:45:00.000+01:00
0,-23.501137,,-30.46243,,2022-12-02T06:48:00.000+01:00,2022-12-02T06:49:00.000+01:00
0,-22.487997,,-29.561861,,2022-07-04T18:00:00.000+02:00,2022-07-04T18:01:00.000+02:00
0,-23.397799,,-30.470242,,2022-10-18T20:30:00.000+02:00,2022-10-18T20:31:00.000+02:00
0,-23.049078,,-29.941477,,2022-10-12T03:59:00.000+02:00,2022-10-12T04:00:00.000+02:00
0,-22.464205,,-29.691477,,2022-07-17T17:36:00.000+02:00,2022-07-17T17:37:00.000+02:00
1,-22.381462,,-29.271378,,2022-06-09T05:00:00.000+02:00,2022-06-09T05:01:00.000+02:00
0,-20.783096,,-29.122585,,2022-12-24T15:07:00.000+01:00,2022-12-24T15:08:00.000+01:00
0,-22.530966,,-29.543396,,2022-09-08T10:18:00.000+02:00,2022-09-08T10:19:00.000+02:00
0,-22.358736,,-29.465626,,2022-07-11T01:28:00.000+02:00,2022-07-11T01:29:00.000+02:00
0,-22.46243,,-29.551918,,2022-05-28T15:17:00.000+02:00,2022-05-28T15:18:00.000+02:00
0,-23.499716,,-30.562927,,2022-10-27T21:55:00.000+02:00,2022-10-27T21:56:00.000+02:00
1,-22.500427,,-29.57074,,2022-07-04T17:52:00.000+02:00,2022-07-04T17:53:00.000+02:00
1,-22.651705,,-28.942543,,2022-06-25T15:14:00.000+02:00,2022-06-25T15:15:00.000+02:00
0,-22.298367,,-29.319674,,2022-09-04T22:11:00.000+02:00,2022-09-04T22:12:00.000+02:00
0,-21.05831,,-29.299076,,2022-12-26T10:30:00.000+01:00,2022-12-26T10:31:00.000+01:00
0,-22.37081,,-29.317898,,2022-06-29T03:30:00.000+02:00,2022-06-29T03:31:00.000+02:00
0,-22.474148,,-29.601278,,2022-05-30T09:49:00.000+02:00,2022-05-30T09:50:00.000+02:00
0,-22.386791,,-29.231606,,2022-05-26T03:03:00.000+02:00,2022-05-26T03:04:00.000+02:00
1,-23.775993,,-29.832457,,2022-10-22T13:09:00.000+02:00,2022-10-22T13:10:00.000+02:00
1,-22.51534,,-29.364418,,2022-06-30T23:18:00.000+02:00,2022-06-30T23:19:00.000+02:00
0,,,,,2022-06-11T21:32:00.000+02:00,2022-06-11T21:33:00.000+02:00
0,-22.13324,,-29.13679,,2022-08-20T02:21:00.000+02:00,2022-08-20T02:22:00.000+02:00
1,-22.068962,,-29.146378,,2022-07-28T05:06:00.000+02:00,2022-07-28T05:07:00.000+02:00
0,-22.741192,,-30.044815,,2022-11-09T06:34:00.000+01:00,2022-11-09T06:35:00.000+01:00
0,-22.399574,,-29.23125,,2022-05-26T03:31:00.000+02:00,2022-05-26T03:32:00.000+02:00
0,-22.657032,,-29.491549,,2022-09-20T23:53:00.000+02:00,2022-09-20T23:54:00.000+02:00
0,-23.164845,,-30.321095,,2022-11-30T04:22:00.000+01:00,2022-11-30T04:23:00.000+01:00
0,-22.909163,,-30.070383,,2022-11-05T13:38:00.000+01:00,2022-11-05T13:39:00.000+01:00
1,-23.218111,,-29.17976,,2022-06-21T16:34:00.000+02:00,2022-06-21T16:35:00.000+02:00
0,-22.163778,,-29.257528,,2022-08-04T03:57:00.000+02:00,2022-08-04T03:58:00.000+02:00
0,-22.318962,,-29.371166,,2022-08-22T00:56:00.000+02:00,2022-08-22T00:57:00.000+02:00
0,-23.938992,,-31.178337,,2022-11-27T09:59:00.000+01:00,2022-11-27T10:00:00.000+01:00
0,-22.197159,,-29.348793,,2022-07-26T18:34:00.000+02:00,2022-07-26T18:35:00.000+02:00
1,-23.538424,,-30.41875,,2022-10-28T00:08:00.000+02:00,2022-10-28T00:09:00.000+02:00
0,-23.512856,,-30.669815,,2022-10-27T17:37:00.000+02:00,2022-10-27T17:38:00.000+02:00
1,-22.532387,,-29.507174,,2022-05-25T14:38:00.000+02:00,2022-05-25T14:39:00.000+02:00
1,-22.568253,,-29.184376,,2022-09-16T02:11:00.000+02:00,2022-09-16T02:12:00.000+02:00
0,-22.213495,,-29.407742,,2022-07-20T17:48:00.000+02:00,2022-07-20T17:49:00.000+02:00
0,-23.112642,,-30.056534,,2022-09-09T03:55:00.000+02:00,2022-09-09T03:56:00.000+02:00
0,-24.139275,,-31.147799,,2022-12-06T16:00:00.000+01:00,2022-12-06T16:01:00.000+01:00
0,-23.303694,,-30.329262,,2022-10-17T21:33:00.000+02:00,2022-10-17T21:34:00.000+02:00
0,-23.369034,,-30.310795,,2022-10-17T23:53:00.000+02:00,2022-10-17T23:54:00.000+02:00
0,-22.367615,,-29.358027,,2022-08-01T00:03:00.000+02:00,2022-08-01T00:04:00.000+02:00
0,-22.169106,,-29.26534,,2022-08-05T04:13:00.000+02:00,2022-08-05T04:14:00.000+02:00
0,-22.358736,,-29.237642,,2022-08-14T10:03:00.000+02:00,2022-08-14T10:04:00.000+02:00
0,-23.293396,,-30.269602,,2022-10-11T16:12:00.000+02:00,2022-10-11T16:13:00.000+02:00
0,-22.29304,,-29.204262,,2022-06-03T02:57:00.000+02:00,2022-06-03T02:58:00.000+02:00
0,-22.696804,,-29.51321,,2022-09-23T02:16:00.000+02:00,2022-09-23T02:17:00.000+02:00
